1 -0.41900840861252703 0.0 0.9079823530840221 0.0 269.3661906198987 15.958 394.39905358145495 1 1587882338.795000_00002510_206_l.png

5 -0.4188103076222959 0.0 0.9080737449289666 0.0 269.2020641913372 15.956999999999999 394.14657465283466 1 1587882338.845000_00002511_207_l.png

10 -0.41944416057726763 0.0 0.9077811389082896 0.0 269.75689896814436 15.955 393.3998426850836 1 1587882338.895000_00002512_208_l.png

6 -0.4217559866871953 0.0 0.906709373334979 0.0 271.7715527878128 15.936000000000002 391.6502577802149 1 1587882338.945000_00002513_209_l.png

2 -0.42020451424583033 0.0 0.9074294276732632 0.0 270.4323913224265 15.937 392.21080239161677 1 1587882338.995000_00002514_210_l.png

7 -0.4200144534561949 0.0 0.9075174151981293 0.0 270.27064348569075 15.932 391.95502901437214 1 1587882339.045000_00002515_211_l.png

4 -0.41978477208830417 0.0 0.907623680344872 0.0 270.07901607294247 15.919000000000002 391.7215294858813 1 1587882339.095000_00002516_212_l.png

11 -0.42018867655058795 0.0 0.9074367614873586 0.0 270.4412480971657 15.909 391.11132893920757 1 1587882339.145000_00002517_213_l.png

12 -0.42076666946194685 0.0 0.9071688982046843 0.0 270.94220455104664 15.907000000000002 390.38981588570203 1 1587882339.195000_00002518_214_l.png

9 -0.41938870660054584 0.0 0.9078067596002584 0.0 269.76361593484927 15.904000000000002 390.83600650430134 1 1587882339.245000_00002519_215_l.png

8 -0.42144737352048567 0.0 0.9068528609166342 0.0 271.5475410246387 15.908 389.2341846669675 1 1587882339.295000_00002520_216_l.png

13 -0.4196342766135754 0.0 0.9076932708194996 0.0 269.99002018435 15.916999999999998 389.9393440110533 1 1587882339.345000_00002521_217_l.png

14 -0.42219112734906605 0.0 0.906506840563117 0.0 272.19642296647646 15.916000000000002 388.02852420136884 1 1587882339.395000_00002522_218_l.png

18 -0.4237173053724327 0.0 0.905794482831467 0.0 273.51666855955796 15.917 386.73536334528393 1 1587882339.445000_00002523_219_l.png

16 -0.42261035269714736 0.0 0.9063114750422133 0.0 272.5687499787936 15.915000000000001 387.02288620136557 1 1587882339.495000_00002524_220_l.png

17 -0.4263635145603443 0.0 0.9045519075496724 0.0 275.7853634830826 15.905 384.37832358959224 1 1587882339.545000_00002525_221_l.png

23 -0.42378054072409505 0.0 0.9057648995758191 0.0 273.59499155123876 15.886000000000001 385.5655401706342 1 1587882339.595000_00002526_222_l.png

22 -0.42704225301344356 0.0 0.9042316706138986 0.0 276.3702569783876 15.883000000000001 383.20773856613715 1 1587882339.645000_00002527_223_l.png

24 -0.4225391698569875 0.0 0.906344663986371 0.0 272.54061691530956 15.866000000000001 385.55919928583387 1 1587882339.695000_00002528_224_l.png

21 -0.4238911976193181 0.0 0.9057131182559189 0.0 273.7109141803324 15.857000000000001 384.3732237994237 1 1587882339.745000_00002529_225_l.png

19 -0.42219903809751985 0.0 0.9065031562159774 0.0 272.27375239299397 15.847 385.01291787095204 1 1587882339.795000_00002530_226_l.png

15 -0.4279652667235999 0.0 0.9037951817077795 0.0 277.18124788166466 15.836 381.1406833091994 1 1587882339.845000_00002531_227_l.png

20 -0.4252185863753198 0.0 0.9050906881638849 0.0 274.8580211529958 15.821 382.43633219293145 1 1587882339.895000_00002532_228_l.png

27 -0.4263477270863643 0.0 0.9045593488590402 0.0 275.81683664251665 15.824 381.37905591260875 1 1587882339.945000_00002533_229_l.png

28 -0.4259529980406613 0.0 0.9047452920353729 0.0 275.4872373337197 15.819999999999999 381.24136775710394 1 1587882339.996000_00002534_230_l.png

30 -0.4247209225428844 0.0 0.905324327495026 0.0 274.4539485887089 15.803999999999998 381.61030167679536 1 1587882340.046000_00002535_231_l.png

29 -0.42717639378239924 0.0 0.9041683076701287 0.0 276.5343446365148 15.797000000000002 379.7405272925241 1 1587882340.096000_00002536_232_l.png

26 -0.4241441039039498 0.0 0.9055947101896717 0.0 273.98140976723676 15.799000000000001 381.1989570603132 1 1587882340.146000_00002537_233_l.png

33 -0.4244838946359375 0.0 0.9054354881462877 0.0 274.2774792086174 15.799000000000001 380.60830636084245 1 1587882340.196000_00002538_234_l.png

32 -0.42555029087004037 0.0 0.9049347766222846 0.0 275.184865366595 15.802 379.5781702386663 1 1587882340.246000_00002539_235_l.png

25 -0.4283911226350294 0.0 0.9035934074834209 0.0 277.5745263907503 15.815 377.45577166199405 1 1587882340.296000_00002540_236_l.png

31 -0.4264740232413579 0.0 0.9044998106690403 0.0 275.97388676163007 15.807 378.2477268168308 1 1587882340.346000_00002541_237_l.png

34 -0.42613458347828087 0.0 0.9046597795656619 0.0 275.6959711589435 15.805000000000001 378.0663729440525 1 1587882340.396000_00002542_238_l.png

35 -0.42513170194737016 0.0 0.9051315020478142 0.0 274.8586843129323 15.793000000000001 378.29409023499795 1 1587882340.446000_00002543_239_l.png

36 -0.4280204756309714 0.0 0.9037690371110515 0.0 277.2826146324308 15.806000000000001 376.14939218147583 1 1587882340.496000_00002544_240_l.png

37 -0.4256055693958095 0.0 0.9049087795459102 0.0 275.2768200421371 15.802000000000001 377.23648748483595 1 1587882340.546000_00002545_241_l.png

39 -0.4272710757237356 0.0 0.9041235689052033 0.0 276.67455964174826 15.796 375.8391737751966 1 1587882340.596000_00002546_242_l.png

40 -0.42580297973599746 0.0 0.9048159052801545 0.0 275.45078583021603 15.797000000000002 376.3551294971722 1 1587882340.646000_00002547_243_l.png

44 -0.42512380316874565 0.0 0.905135211987326 0.0 274.8942490599894 15.778 376.37973858409384 1 1587882340.696000_00002548_244_l.png

45 -0.4283043819210903 0.0 0.9036345259158666 0.0 277.55005806638394 15.773 374.0532650237824 1 1587882340.746000_00002549_245_l.png

42 -0.42764975662318266 0.0 0.9039445147021651 0.0 277.00808243481976 15.763 374.07514472174773 1 1587882340.796000_00002550_246_l.png

41 -0.42649770284487465 0.0 0.9044886452952546 0.0 276.05729168835626 15.761000000000001 374.39431571331187 1 1587882340.846000_00002551_247_l.png

43 -0.4276734216886819 0.0 0.9039333185479418 0.0 277.0434821759798 15.765 373.28661529055233 1 1587882340.896000_00002552_248_l.png

38 -0.4256924324417503 0.0 0.9048679201749976 0.0 275.4104768520447 15.756 374.1068376515394 1 1587882340.946000_00002553_249_l.png

46 -0.4272079549500641 0.0 0.9041533958501644 0.0 276.6670789061461 15.757 372.799416058282 1 1587882340.996000_00002554_250_l.png

47 -0.4267976191823038 0.0 0.9043471635717764 0.0 276.3353845242066 15.754 372.663248417407 1 1587882341.046000_00002555_251_l.png

48 -0.425716121682619 0.0 0.9048567752630853 0.0 275.44732189668633 15.744999999999997 372.93341029673445 1 1587882341.096000_00002556_252_l.png

49 -0.4245234013079276 0.0 0.9054169656804251 0.0 274.46538781945446 15.746 373.27298056097777 1 1587882341.146000_00002557_253_l.png

51 -0.4260161601395404 0.0 0.9047155527014894 0.0 275.7058454408379 15.739 371.9780186160109 1 1587882341.196000_00002558_254_l.png

53 -0.42478412506906693 0.0 0.9052946741748277 0.0 274.69181000843986 15.73 372.3399641790861 1 1587882341.246000_00002559_255_l.png

52 -0.42682918659344815 0.0 0.9043322649734309 0.0 276.3844948871596 15.729000000000001 370.71250703864786 1 1587882341.296000_00002560_0_l.png

50 -0.4251159043577455 0.0 0.905138921857908 0.0 274.9797685302573 15.733999999999998 371.3601093053173 1 1587882341.346000_00002561_1_l.png

55 -0.42567663945241174 0.0 0.9048753497717249 0.0 275.44907912092447 15.722 370.6360337309085 1 1587882341.396000_00002562_2_l.png

54 -0.4267581591870716 0.0 0.9043657852701317 0.0 276.33812791707385 15.723 369.58316575121785 1 1587882341.446000_00002563_3_l.png

57 -0.42707381639297404 0.0 0.9042167634762918 0.0 276.60263867219265 15.704999999999998 368.99822552804704 1 1587882341.496000_00002564_4_l.png

58 -0.4250290153001672 0.0 0.905179725884849 0.0 274.9311802747435 15.709999999999999 369.8605552717298 1 1587882341.546000_00002565_5_l.png

59 -0.4263556208395884 0.0 0.9045556282387994 0.0 276.02287626746045 15.695 368.665937817107 1 1587882341.596000_00002566_6_l.png

56 -0.423575018280969 0.0 0.9058610290150895 0.0 273.75173478451944 15.696 369.9564612573407 1 1587882341.646000_00002567_7_l.png

60 -0.42513170194737016 0.0 0.9051315020478142 0.0 275.0348964447192 15.709 368.6285014325201 1 1587882341.696000_00002568_8_l.png

61 -0.42427054464413677 0.0 0.9055354796734182 0.0 274.3398182216022 15.674000000000001 368.75780820721866 1 1587882341.746000_00002569_9_l.png

62 -0.42402555820013027 0.0 0.905650222764323 0.0 274.1411378557798 15.671999999999999 368.5119754918523 1 1587882341.796000_00002570_10_l.png

64 -0.42637930190444656 0.0 0.9045444659647621 0.0 276.0722337559503 15.671999999999999 366.68990281427233 1 1587882341.846000_00002571_11_l.png

63 -0.4240097515572895 0.0 0.9056576232684874 0.0 274.1484922402653 15.682 367.73589077868064 1 1587882341.896000_00002572_12_l.png

65 -0.42628457589176294 0.0 0.904589111341044 0.0 276.0109674329856 15.674999999999999 365.9601394454666 1 1587882341.946000_00002573_13_l.png

67 -0.42444438715578997 0.0 0.9054540088883288 0.0 274.5235696108588 15.663 366.68814210125015 1 1587882341.996000_00002574_14_l.png

69 -0.4246182140229715 0.0 0.9053725047293748 0.0 274.6722925540298 15.659 366.1924375999504 1 1587882342.046000_00002575_15_l.png

68 -0.4255818787935095 0.0 0.9049199215635528 0.0 275.4631706409867 15.658 365.2136406124336 1 1587882342.096000_00002576_16_l.png

66 -0.4228792421189678 0.0 0.9061860441349157 0.0 273.2789143277531 15.630999999999998 366.4583143266497 1 1587882342.146000_00002577_17_l.png

71 -0.42372520990433443 0.0 0.9057907851659388 0.0 273.9715100052978 15.644 365.5618309151548 1 1587882342.196000_00002578_18_l.png

70 -0.42236515638694355 0.0 0.9064257689795855 0.0 272.8756372553544 15.639000000000001 365.9881611129782 1 1587882342.246000_00002579_19_l.png

72 -0.4239544272902379 0.0 0.9056835228605002 0.0 274.1727620695174 15.634 364.63545973149195 1 1587882342.296000_00002580_20_l.png

73 -0.42393862006621186 0.0 0.905690922123191 0.0 274.1643354019709 15.625 364.24824105051863 1 1587882342.346000_00002581_21_l.png

79 -0.42229396457091545 0.0 0.9064589386657173 0.0 272.8400034025485 15.618999999999998 364.8442679095995 1 1587882342.396000_00002582_22_l.png

75 -0.42513960069361945 0.0 0.9051277920393727 0.0 275.14141977877154 15.628 362.7313448933589 1 1587882342.446000_00002583_23_l.png

74 -0.42347224888157414 0.0 0.9059090762472701 0.0 273.801431314372 15.615999999999998 363.3392388286489 1 1587882342.496000_00002584_24_l.png

83 -0.42426264234017497 0.0 0.9055391820978995 0.0 274.4408734440005 15.633000000000004 362.4642523528594 1 1587882342.546000_00002585_25_l.png

81 -0.4225628977599996 0.0 0.9063336016261738 0.0 273.08055886480906 15.610999999999999 363.0943716599347 1 1587882342.596000_00002586_26_l.png

77 -0.42166103399129257 0.0 0.906753534546954 0.0 272.3617700073271 15.606 363.24381744363177 1 1587882342.646000_00002587_27_l.png

78 -0.4229820429431888 0.0 0.9061380641754359 0.0 273.4281880519162 15.600999999999999 362.0587040371392 1 1587882342.696000_00002588_28_l.png

76 -0.42249962270841135 0.0 0.9063630998729209 0.0 273.0471071961163 15.592 361.95719793714693 1 1587882342.746000_00002589_29_l.png

82 -0.4237014962118259 0.0 0.9058018779555826 0.0 274.01362983412656 15.583999999999998 360.8372213948807 1 1587882342.796000_00002590_30_l.png

80 -0.42283970189116477 0.0 0.906204494860068 0.0 273.3245557343 15.577 360.96941615261727 1 1587882342.846000_00002591_31_l.png

84 -0.42525807800187315 0.0 0.905072133641376 0.0 275.26500541976696 15.566 359.11239282369064 1 1587882342.896000_00002592_32_l.png

85 -0.4213049202073858 0.0 0.9069190505271395 0.0 272.1235472469174 15.573999999999998 361.1132323894924 1 1587882342.947000_00002593_33_l.png

87 -0.4249342227706241 0.0 0.9052242298559653 0.0 275.0157957799946 15.578999999999997 358.5228649736335 1 1587882342.997000_00002594_34_l.png

89 -0.42461031314122116 0.0 0.90537621018785 0.0 274.77153632123134 15.607000000000001 358.31866761471 1 1587882343.047000_00002595_35_l.png

94 -0.42298995047343135 0.0 0.9061343729262696 0.0 273.4952643944019 15.599 358.9045849923982 1 1587882343.097000_00002596_36_l.png

90 -0.42325878733128836 0.0 0.9060088293978417 0.0 273.7173664494223 15.593999999999998 358.34721446200945 1 1587882343.147000_00002597_37_l.png

96 -0.4239149089880382 0.0 0.9057020204999343 0.0 274.24734470636025 15.596 357.5576147982543 1 1587882343.197000_00002598_38_l.png

91 -0.4246340156894624 0.0 0.9053650936055804 0.0 274.82310773428213 15.599 356.7267623330511 1 1587882343.247000_00002599_39_l.png

95 -0.4244048788675602 0.0 0.9054725279065134 0.0 274.6448840099532 15.604000000000001 356.4741143897838 1 1587882343.297000_00002600_40_l.png

88 -0.4260161601395404 0.0 0.9047155527014894 0.0 275.9244465672074 15.587 355.10586069724843 1 1587882343.347000_00002601_41_l.png

93 -0.42385958200909113 0.0 0.9057279142982612 0.0 274.233571548595 15.573 356.0294399278317 1 1587882343.397000_00002602_42_l.png

92 -0.4237963492392955 0.0 0.905757503072122 0.0 274.1857212011308 15.569 355.6815289997513 1 1587882343.447000_00002603_43_l.png

86 -0.4234880599131788 0.0 0.9059016851242588 0.0 273.95376788030626 15.557999999999998 355.4891387690797 1 1587882343.497000_00002604_44_l.png

97 -0.4282176372604648 0.0 0.903675636021612 0.0 277.6687091757132 15.568 352.2244930671775 1 1587882343.547000_00002605_45_l.png

98 -0.42657663274532814 0.0 0.9044514229054302 0.0 276.39054523765134 15.548 352.8471223994278 1 1587882343.597000_00002606_46_l.png

102 -0.42834381000764205 0.0 0.9036158367515129 0.0 277.77261285925096 15.546000000000001 351.3827608732121 1 1587882343.647000_00002607_47_l.png

103 -0.42573981063170674 0.0 0.9048456297309936 0.0 275.74804456989796 15.537 352.60153843850145 1 1587882343.697000_00002608_48_l.png

100 -0.4245708082474419 0.0 0.9053947364459956 0.0 274.843168982869 15.542000000000003 352.9286089253902 1 1587882343.747000_00002609_49_l.png

99 -0.4237331144039678 0.0 0.9057870874314305 0.0 274.19520694428695 15.53 353.05950050513843 1 1587882343.797000_00002610_50_l.png

105 -0.42979419576899114 0.0 0.9029268792561699 0.0 278.9231499485901 15.543000000000001 348.98187791677674 1 1587882343.847000_00002611_51_l.png

104 -0.430117228714375 0.0 0.9027730443267932 0.0 279.17646982437265 15.538 348.4049238209217 1 1587882343.897000_00002612_52_l.png

108 -0.4277444151263788 0.0 0.903899726368026 0.0 277.33935912769755 15.523 349.4851753537379 1 1587882343.947000_00002613_53_l.png

106 -0.4289351334031461 0.0 0.9033352928633007 0.0 278.26888427440184 15.535 348.37286307618615 1 1587882343.997000_00002614_54_l.png

101 -0.42768919823616997 0.0 0.9039258541009334 0.0 277.3067928637748 15.524 348.7625438340132 1 1587882344.047000_00002615_55_l.png

107 -0.43295124667132046 0.0 0.9014173384208612 0.0 281.37460178818293 15.536 345.13135911469783 1 1587882344.097000_00002616_56_l.png

109 -0.42869862607982323 0.0 0.9034475568605362 0.0 278.1042374760567 15.529 347.39386822607474 1 1587882344.147000_00002617_57_l.png

110 -0.42992814293796977 0.0 0.9028631080678338 0.0 279.0680650107733 15.523 346.26601378980865 1 1587882344.197000_00002618_58_l.png

111 -0.42772075094029627 0.0 0.9039109243808645 0.0 277.37125211536835 15.525 347.2455830348065 1 1587882344.247000_00002619_59_l.png

112 -0.4336984010768094 0.0 0.9010580985171927 0.0 281.96938788353253 15.518999999999998 343.17471247151207 1 1587882344.297000_00002620_60_l.png

114 -0.43057410809908225 0.0 0.9025552268059166 0.0 279.57899930851784 15.516 344.75084238083804 1 1587882344.347000_00002621_61_l.png

113 -0.4304480834192492 0.0 0.9026153374947132 0.0 279.48345700041784 15.508000000000001 344.46108804839173 1 1587882344.397000_00002622_62_l.png

115 -0.43627575552648656 0.0 0.899813016765035 0.0 283.9381465495392 15.498 340.45428516839445 1 1587882344.447000_00002623_63_l.png

116 -0.4311883581593465 0.0 0.9022619352426695 0.0 280.06662201906863 15.493 343.2752686678343 1 1587882344.497000_00002624_64_l.png

120 -0.4297390383028059 0.0 0.9029531322048667 0.0 278.96147967105435 15.49 343.8077156661878 1 1587882344.547000_00002625_65_l.png

117 -0.4314875358338646 0.0 0.902118898161445 0.0 280.30989463312346 15.482999999999999 342.3578646565547 1 1587882344.597000_00002626_66_l.png

119 -0.4325736238878688 0.0 0.9015986135285017 0.0 281.13914799176166 15.471 341.32771734478575 1 1587882344.647000_00002627_67_l.png

118 -0.43077100485547665 0.0 0.9024612686291877 0.0 279.7731303721019 15.476000000000004 342.0860761143945 1 1587882344.697000_00002628_68_l.png

121 -0.4309993794058844 0.0 0.9023522233317445 0.0 279.9611517178256 15.475 341.574472491713 1 1587882344.747000_00002629_69_l.png

124 -0.4318260217650434 0.0 0.9019569207709293 0.0 280.58859065729706 15.471999999999998 340.7029675888449 1 1587882344.797000_00002630_70_l.png

122 -0.4319519544991276 0.0 0.9018966176920632 0.0 280.6864362645223 15.466 340.26969545769725 1 1587882344.847000_00002631_71_l.png

123 -0.43468104476116587 0.0 0.9005844709550245 0.0 282.75727396496586 15.459999999999999 338.203155908271 1 1587882344.897000_00002632_72_l.png

126 -0.4325500199431248 0.0 0.9016099379705186 0.0 281.1510774019718 15.461 339.18163920772275 1 1587882344.947000_00002633_73_l.png

125 -0.43398931742963454 0.0 0.9009180164459805 0.0 282.2413830178912 15.450000000000001 337.92291201917106 1 1587882344.997000_00002634_74_l.png

128 -0.43210148868305837 0.0 0.9018249849487897 0.0 280.82744656809956 15.459999999999999 338.74398935477717 1 1587882345.047000_00002635_75_l.png

129 -0.4344373973129532 0.0 0.9007020305383725 0.0 282.593094546825 15.458 336.9216450444564 1 1587882345.097000_00002636_76_l.png

130 -0.43281751395331847 0.0 0.9014815581115727 0.0 281.3789273375512 15.450999999999999 337.58092892418887 1 1587882345.147000_00002637_77_l.png

131 -0.43389497113612924 0.0 0.9009634587611074 0.0 282.19591272682896 15.447000000000001 336.5554576739289 1 1587882345.197000_00002638_78_l.png

132 -0.4350896722615543 0.0 0.9003871262358948 0.0 283.0996582518706 15.442 335.4517371315958 1 1587882345.247000_00002639_79_l.png

127 -0.432644433943149 0.0 0.9015646364948063 0.0 281.2768243814149 15.43 336.6306153354173 1 1587882345.297000_00002640_80_l.png

133 -0.43457101436788614 0.0 0.9006375705417059 0.0 282.7258732372082 15.439 335.0745452392779 1 1587882345.347000_00002641_81_l.png

137 -0.4332501441700013 0.0 0.9012737167901176 0.0 281.74497292692075 15.424000000000001 335.56163867845567 1 1587882345.397000_00002642_82_l.png

136 -0.4326680367018711 0.0 0.9015533095810522 0.0 281.3178256680558 15.417 335.5801663545017 1 1587882345.447000_00002643_83_l.png

134 -0.433784894446621 0.0 0.9010164623079503 0.0 282.1571879436984 15.418999999999999 334.5446387634992 1 1587882345.497000_00002644_84_l.png

135 -0.43422516233952374 0.0 0.9008043674356904 0.0 282.48923764884046 15.402 333.9230826452447 1 1587882345.547000_00002645_85_l.png

140 -0.4330063103152086 0.0 0.9013908892523872 0.0 281.58706679823564 15.396999999999998 334.34857922556535 1 1587882345.597000_00002646_86_l.png

138 -0.4368567384103828 0.0 0.8995310945739687 0.0 284.45208311073674 15.389000000000001 331.58721770742824 1 1587882345.647000_00002647_87_l.png

141 -0.4330849698606677 0.0 0.9013530988912084 0.0 281.66198825511447 15.389999999999999 333.6124445228658 1 1587882345.697000_00002648_88_l.png

139 -0.4340364887917423 0.0 0.900895291583509 0.0 282.37268136699464 15.392999999999999 332.6803884752461 1 1587882345.747000_00002649_89_l.png

144 -0.4328804481838576 0.0 0.9014513395520264 0.0 281.5222510769304 15.394 333.05265729839783 1 1587882345.797000_00002650_90_l.png

143 -0.43186537664890934 0.0 0.9019380779476469 0.0 280.7726589085078 15.392999999999997 333.3427014382935 1 1587882345.847000_00002651_91_l.png

142 -0.43572600966832253 0.0 0.9000793545563196 0.0 283.6351414423965 15.404 330.5877547110859 1 1587882345.897000_00002652_92_l.png

145 -0.4343273525588796 0.0 0.9007551003570253 0.0 282.6088131372461 15.403 331.12751966789153 1 1587882345.948000_00002653_93_l.png

147 -0.43434307363498226 0.0 0.9007475197774992 0.0 282.62618217845596 15.403 330.7807988265288 1 1587882345.998000_00002654_94_l.png

148 -0.43482250287581614 0.0 0.9005161803059459 0.0 282.98799271795093 15.401 330.15017316013143 1 1587882346.048000_00002655_95_l.png

151 -0.4328883148143354 0.0 0.9014475619231574 0.0 281.5704049604647 15.403 331.0315871839525 1 1587882346.098000_00002656_96_l.png

146 -0.43448455736545116 0.0 0.9006792822147893 0.0 282.7539432053563 15.389999999999999 329.70277401892554 1 1587882346.148000_00002657_97_l.png

149 -0.43425660607922856 0.0 0.9007892095693364 0.0 282.59296863710193 15.386999999999997 329.5218492172001 1 1587882346.198000_00002658_98_l.png

150 -0.4343037706966575 0.0 0.9007664707118405 0.0 282.6308945172662 15.382 329.16717168844093 1 1587882346.248000_00002659_99_l.png

152 -0.43596948861932017 0.0 0.899961446392571 0.0 283.8562819888726 15.365 327.7979489117048 1 1587882346.298000_00002660_100_l.png

153 -0.43459459285541807 0.0 0.900626193190512 0.0 282.85887681951164 15.369 328.3389004344595 1 1587882346.348000_00002661_101_l.png

155 -0.4353568033444198 0.0 0.900257992900773 0.0 283.4202996639932 15.357999999999999 327.54413323532606 1 1587882346.398000_00002662_102_l.png

154 -0.4353175217647695 0.0 0.9002769880678831 0.0 283.39341493774253 15.359 327.2505023781061 1 1587882346.448000_00002663_103_l.png

156 -0.43389497113612924 0.0 0.9009634587611074 0.0 282.36562174930884 15.35 327.82423470117124 1 1587882346.498000_00002664_104_l.png

157 -0.435066100032611 0.0 0.9003985165483194 0.0 283.22364249906036 15.354000000000001 326.7778269629315 1 1587882346.548000_00002665_105_l.png

160 -0.43409938209018617 0.0 0.9008649879248934 0.0 282.52406911454125 15.345 327.0689789742275 1 1587882346.598000_00002666_106_l.png

159 -0.43594592753434763 0.0 0.8999728597386798 0.0 283.8701799857504 15.349 325.5970232682747 1 1587882346.648000_00002667_107_l.png

158 -0.43381634559010174 0.0 0.9010013198097155 0.0 282.3226241015151 15.338 326.6296273204186 1 1587882346.698000_00002668_108_l.png

161 -0.4351289586471056 0.0 0.9003681410104899 0.0 283.284875646901 15.333 325.49858499821056 1 1587882346.748000_00002669_109_l.png

162 -0.4356081858236386 0.0 0.900136383246138 0.0 283.64116394761135 15.336 324.89995318068424 1 1587882346.798000_00002670_110_l.png

163 -0.4353175217647695 0.0 0.9002769880678831 0.0 283.441171698049 15.325999999999999 324.7910802709842 1 1587882346.848000_00002671_111_l.png

164 -0.43382420829338075 0.0 0.9009975340136184 0.0 282.3656362963799 15.33 325.4360335147127 1 1587882346.898000_00002672_112_l.png

166 -0.4333681169114998 0.0 0.9012169967574849 0.0 282.0497192601737 15.325999999999999 325.4334577218524 1 1587882346.948000_00002673_113_l.png

165 -0.4330771040545277 0.0 0.9013568782362199 0.0 281.84311769718386 15.317 325.3287945960737 1 1587882346.998000_00002674_114_l.png

167 -0.435018954680172 0.0 0.9004212953217902 0.0 283.24843047933405 15.319999999999999 323.8272961767298 1 1587882347.048000_00002675_115_l.png

168 -0.4351839581951081 0.0 0.9003415588151189 0.0 283.36493508605224 15.308 323.4410941628897 1 1587882347.098000_00002676_116_l.png

169 -0.4358909505074681 0.0 0.8999994884807968 0.0 283.8697615412577 15.305 322.71907893540106 1 1587882347.148000_00002677_117_l.png

170 -0.43380062008443293 0.0 0.9010088911960645 0.0 282.3672767544141 15.293 323.75345902360624 1 1587882347.198000_00002678_118_l.png

173 -0.43460245228507033 0.0 0.9006224006029404 0.0 282.9512352205511 15.297999999999998 322.9730758077028 1 1587882347.248000_00002679_119_l.png

172 -0.43505038504765364 0.0 0.9004061097470898 0.0 283.281705535096 15.304 322.42143896506684 1 1587882347.298000_00002680_120_l.png

175 -0.4357574280993891 0.0 0.9000641443009525 0.0 283.8014496197045 15.305 321.6990512166638 1 1587882347.348000_00002681_121_l.png

171 -0.4343587945787767 0.0 0.9007399389235896 0.0 282.8043736863027 15.302999999999999 322.31187185208546 1 1587882347.398000_00002682_122_l.png

174 -0.43321868351841736 0.0 0.901288839524028 0.0 281.9926849017979 15.309 322.7646771630508 1 1587882347.448000_00002683_123_l.png

176 -0.43494037644255007 0.0 0.9004592544585306 0.0 283.23555140604503 15.302 321.4166824583511 1 1587882347.498000_00002684_124_l.png

178 -0.4358045547504324 0.0 0.9000413268615933 0.0 283.86031766257804 15.315 320.620747253701 1 1587882347.548000_00002685_125_l.png

179 -0.4327467104224656 0.0 0.9015155487391965 0.0 281.67162441014875 15.302 322.2768870508503 1 1587882347.598000_00002686_126_l.png

177 -0.432770311896038 0.0 0.9015042191478674 0.0 281.69245488826976 15.305 322.0119055742182 1 1587882347.648000_00002687_127_l.png

180 -0.4349089442200348 0.0 0.900474436193174 0.0 283.2250031216387 15.304 320.4165912029341 1 1587882347.698000_00002688_128_l.png

181 -0.43493251843660363 0.0 0.900463049995053 0.0 283.2476531329097 15.312 320.1550100562081 1 1587882347.748000_00002689_129_l.png

182 -0.43597734224790974 0.0 0.8999576418067958 0.0 283.9937534338113 15.307 319.25100395474163 1 1587882347.798000_00002690_130_l.png

183 -0.4342094402712602 0.0 0.9008119459572675 0.0 282.7334642118277 15.293999999999997 320.1243435960012 1 1587882347.848000_00002691_131_l.png

184 -0.4306213651900056 0.0 0.9025326807611432 0.0 280.1729710772506 15.287 322.1248478014383 1 1587882347.898000_00002692_132_l.png

186 -0.43217231651896454 0.0 0.9017910449958083 0.0 281.2915395573534 15.291 320.92655807473625 1 1587882347.948000_00002693_133_l.png

185 -0.43306137234330644 0.0 0.9013644367203157 0.0 281.9229726269344 15.267000000000001 320.13778996885384 1 1587882347.998000_00002694_134_l.png

187 -0.4342487451939066 0.0 0.9007929991388242 0.0 282.7782115711434 15.275 319.1699858669173 1 1587882348.048000_00002695_135_l.png

190 -0.4302038867236658 0.0 0.9027317518775173 0.0 279.89386032414666 15.262999999999998 321.4675324914743 1 1587882348.098000_00002696_136_l.png

189 -0.4328411145369942 0.0 0.901470226666623 0.0 281.7764570920738 15.261999999999999 319.60039811853085 1 1587882348.148000_00002697_137_l.png

188 -0.43381634559010174 0.0 0.9010013198097155 0.0 282.47633849671996 15.258000000000001 318.772526900024 1 1587882348.198000_00002698_138_l.png

191 -0.4332029529946738 0.0 0.9012964004791623 0.0 282.05043981503184 15.253 318.9379319591881 1 1587882348.248000_00002699_139_l.png

192 -0.4339421448777203 0.0 0.9009407388385341 0.0 282.5807578202746 15.243 318.26207669927294 1 1587882348.298000_00002700_140_l.png

193 -0.4333602522930643 0.0 0.9012207785734258 0.0 282.17062469232604 15.232000000000001 318.41250219758996 1 1587882348.348000_00002701_141_l.png

194 -0.43472033975789387 0.0 0.90056550355917 0.0 283.1374877141615 15.232999999999999 317.3497224191368 1 1587882348.398000_00002702_142_l.png

195 -0.43487751146759634 0.0 0.9004896168306166 0.0 283.2477699193934 15.232999999999999 317.04304820200946 1 1587882348.448000_00002703_143_l.png

196 -0.429770557051284 0.0 0.9029381309324738 0.0 279.63012664205934 15.232000000000001 320.0284702215528 1 1587882348.498000_00002704_144_l.png

197 -0.43388710873020997 0.0 0.9009672451747284 0.0 282.56001188964024 15.223999999999997 317.25724675015204 1 1587882348.548000_00002705_145_l.png

198 -0.4318732475270197 0.0 0.9019343091769298 0.0 281.12868546071064 15.223999999999997 318.3179016316706 1 1587882348.598000_00002706_146_l.png

199 -0.43210148868305837 0.0 0.9018249849487897 0.0 281.2976497520929 15.234 317.9781584255782 1 1587882348.648000_00002707_147_l.png

200 -0.43157413104331804 0.0 0.9020774741751425 0.0 280.9334449670885 15.223999999999998 318.1165454965699 1 1587882348.698000_00002708_148_l.png

201 -0.4327231086522932 0.0 0.9015268777126368 0.0 281.74625102555217 15.217 317.21079717219936 1 1587882348.748000_00002709_149_l.png

202 -0.4337770315781627 0.0 0.9010202477609688 0.0 282.4963016488191 15.217999999999998 316.3662247462554 1 1587882348.798000_00002710_150_l.png

203 -0.4330063103152086 0.0 0.9013908892523872 0.0 281.96222588977935 15.208999999999998 316.6614494294876 1 1587882348.849000_00002711_151_l.png

204 -0.4326050953529984 0.0 0.9015835133112312 0.0 281.6820015418726 15.205 316.7325338583163 1 1587882348.899000_00002712_152_l.png

205 -0.4318811183722409 0.0 0.9019305403375264 0.0 281.1750153035615 15.204999999999998 317.00075848522977 1 1587882348.949000_00002713_153_l.png

207 -0.43456315480585267 0.0 0.9006413628549294 0.0 283.06837720488 15.214999999999998 315.1385514241928 1 1587882348.999000_00002714_154_l.png

206 -0.4329040479763917 0.0 0.9014400064594725 0.0 281.90217256643393 15.206 316.001926338942 1 1587882349.049000_00002715_155_l.png

208 -0.4317000806122885 0.0 0.9020172062656807 0.0 281.0587119981248 15.198999999999998 316.57677222213266 1 1587882349.099000_00002716_156_l.png

211 -0.43237691529072153 0.0 0.9016929649962233 0.0 281.54115189009974 15.204999999999998 315.9735024016269 1 1587882349.149000_00002717_157_l.png

212 -0.4331321640048786 0.0 0.9013304213796687 0.0 282.07657626471666 15.212999999999997 315.3238346724178 1 1587882349.199000_00002718_158_l.png

209 -0.43227461868654893 0.0 0.9017420107987644 0.0 281.4689141633217 15.197 315.68736904756986 1 1587882349.249000_00002719_159_l.png

210 -0.43350181037497576 0.0 0.9011526953860919 0.0 282.3369505820584 15.2 314.7492233038444 1 1587882349.299000_00002720_160_l.png

213 -0.43273884319869615 0.0 0.9015193251323315 0.0 281.80680332165133 15.206999999999999 315.05986123517357 1 1587882349.349000_00002721_161_l.png

216 -0.4334860822273528 0.0 0.9011602612827425 0.0 282.3368628830978 15.197 314.4224317508235 1 1587882349.399000_00002722_162_l.png

214 -0.4304323297441705 0.0 0.9026228500935514 0.0 280.19754549098326 15.196 316.1620287129276 1 1587882349.449000_00002723_163_l.png

215 -0.4328725815204139 0.0 0.9014551171122457 0.0 281.91506173089175 15.209 314.47282568509655 1 1587882349.499000_00002724_164_l.png

217 -0.432077878812086 0.0 0.9018362970302582 0.0 281.3643043541158 15.209999999999997 314.80994446422403 1 1587882349.549000_00002725_165_l.png

218 -0.4305898605938901 0.0 0.90254771173259 0.0 280.32779445116574 15.203 315.57453061325737 1 1587882349.599000_00002726_166_l.png

220 -0.4325736238878688 0.0 0.9015986135285017 0.0 281.72322508156856 15.217 314.1726488284897 1 1587882349.649000_00002727_167_l.png

221 -0.43140880946589505 0.0 0.902156549117291 0.0 280.9116539845484 15.217999999999998 314.7451682761963 1 1587882349.699000_00002728_168_l.png

219 -0.43035355940211656 0.0 0.9026604089633758 0.0 280.17583391283864 15.217 315.249140484562 1 1587882349.749000_00002729_169_l.png

223 -0.43402862698068867 0.0 0.900899079232107 0.0 282.7446837578552 15.217999999999996 312.8038143178171 1 1587882349.799000_00002730_170_l.png

222 -0.4304480834192492 0.0 0.9026153374947132 0.0 280.24657542432965 15.209999999999999 314.89001297690584 1 1587882349.849000_00002731_171_l.png

224 -0.4309836303229304 0.0 0.9023597455525527 0.0 280.62673603655605 15.209999999999999 314.4177446072458 1 1587882349.899000_00002732_172_l.png

226 -0.432770311896038 0.0 0.9015042191478674 0.0 281.87491975387906 15.209 313.1571328567867 1 1587882349.949000_00002733_173_l.png

225 -0.4323690465187174 0.0 0.9016967381622799 0.0 281.59658597979035 15.215 313.2671618251619 1 1587882349.999000_00002734_174_l.png

227 -0.4321565772302416 0.0 0.9017985876883166 0.0 281.4497433535837 15.202999999999998 313.262421569476 1 1587882350.049000_00002735_175_l.png

228 -0.43100725389812805 0.0 0.9023484621182633 0.0 280.652510727816 15.193 313.8430758657101 1 1587882350.099000_00002736_176_l.png

229 -0.42815454775610085 0.0 0.9037055290501264 0.0 278.65856221566355 15.2 315.4788625630923 1 1587882350.149000_00002737_177_l.png

231 -0.4322116641648048 0.0 0.9017721870627249 0.0 281.49832510299905 15.212 312.83544160781173 1 1587882350.199000_00002738_178_l.png

230 -0.4316292350151742 0.0 0.9020511091286433 0.0 281.09685585845244 15.193999999999999 313.072162563483 1 1587882350.249000_00002739_179_l.png

232 -0.43229822608904606 0.0 0.9017306935666902 0.0 281.5594988466418 15.214999999999998 312.53032839432746 1 1587882350.299000_00002740_180_l.png

233 -0.4321565772302416 0.0 0.9017985876883166 0.0 281.4653714791307 15.208999999999998 312.50151432505857 1 1587882350.349000_00002741_181_l.png

235 -0.43077100485547665 0.0 0.9024612686291877 0.0 280.50322014359284 15.211000000000004 313.2449589382478 1 1587882350.399000_00002742_182_l.png

236 -0.4329119145079687 0.0 0.9014362286246572 0.0 281.9921421153044 15.209 311.80226420189547 1 1587882350.449000_00002743_183_l.png

234 -0.4308733830665376 0.0 0.9024123934015958 0.0 280.58164487608906 15.206999999999999 312.95849701195675 1 1587882350.499000_00002744_184_l.png

237 -0.43173943812672516 0.0 0.9019983689375606 0.0 281.1859437697001 15.209999999999999 312.3123965190853 1 1587882350.549000_00002745_185_l.png

239 -0.434162273272882 0.0 0.9008346798755715 0.0 282.8655743708601 15.203999999999999 310.69221089076285 1 1587882350.599000_00002746_186_l.png

240 -0.432982711808525 0.0 0.9014022250221795 0.0 282.05440477231554 15.193999999999997 311.33023871164426 1 1587882350.649000_00002747_187_l.png

238 -0.4306292412570518 0.0 0.9025289228464514 0.0 280.415285623294 15.191999999999997 312.697570970515 1 1587882350.699000_00002748_188_l.png

241 -0.4312670937248302 0.0 0.9022243035244276 0.0 280.855087063097 15.19 312.2061863938529 1 1587882350.749000_00002749_189_l.png

242 -0.43014086311000593 0.0 0.9027617835747032 0.0 280.0715890229868 15.187 312.81160979405234 1 1587882350.799000_00002750_190_l.png

243 -0.4309285074987524 0.0 0.9023860711607297 0.0 280.6213338214146 15.177999999999999 312.2340756723023 1 1587882350.849000_00002751_191_l.png

244 -0.42939229751881486 0.0 0.9031180735825818 0.0 279.55336879656886 15.177999999999999 313.1002583834615 1 1587882350.899000_00002752_192_l.png

245 -0.43107024865439525 0.0 0.9023183699365972 0.0 280.7216153941293 15.183 311.9729294867792 1 1587882350.949000_00002753_193_l.png

246 -0.4299123849385582 0.0 0.9028706115919606 0.0 279.92337191717905 15.177999999999999 312.6055659022988 1 1587882350.999000_00002754_194_l.png

247 -0.43134582600602667 0.0 0.9021866649353549 0.0 280.91991141184883 15.165 311.63265781888606 1 1587882351.049000_00002755_195_l.png

249 -0.42795737960646196 0.0 0.9037989163748597 0.0 278.56581098598133 15.162999999999998 313.65514335774606 1 1587882351.099000_00002756_196_l.png

250 -0.4302196422994737 0.0 0.9027242432657455 0.0 280.14336999622935 15.161 312.1755522167996 1 1587882351.149000_00002757_197_l.png

248 -0.4321644468910586 0.0 0.9017948163764002 0.0 281.4927151422593 15.156 310.89639175629196 1 1587882351.199000_00002758_198_l.png

251 -0.4312277263525866 0.0 0.9022431202424204 0.0 280.8407139434671 15.161 311.40688516006986 1 1587882351.249000_00002759_199_l.png

253 -0.43214083780987605 0.0 0.9018061301061212 0.0 281.4770426475927 15.156999999999998 310.77142702669 1 1587882351.299000_00002760_200_l.png

252 -0.43468104476116587 0.0 0.9005844709550245 0.0 283.2361356385935 15.155 309.1101581863337 1 1587882351.349000_00002761_201_l.png

254 -0.4310938711463521 0.0 0.9023070842346593 0.0 280.75335167439647 15.158 311.2882533702556 1 1587882351.399000_00002762_202_l.png

255 -0.42925043076671854 0.0 0.9031855112249014 0.0 279.474457189736 15.168 312.3694930061844 1 1587882351.449000_00002763_203_l.png

256 -0.42937653506949724 0.0 0.903125567754403 0.0 279.5641041222548 15.159999999999998 312.2353912795902 1 1587882351.499000_00002764_204_l.png

257 -0.43464960816792825 0.0 0.9005996436372082 0.0 283.21190806168545 15.155 308.8875515200092 1 1587882351.549000_00002765_205_l.png

259 -0.43225888025361836 0.0 0.9017495552767898 0.0 281.56077593943064 15.155999999999999 310.3299462564838 1 1587882351.599000_00002766_206_l.png

262 -0.43007783739989164 0.0 0.9027918108719376 0.0 280.05111577699125 15.159 311.63385615440234 1 1587882351.649000_00002767_207_l.png

260 -0.43006208064482815 0.0 0.9027993170087365 0.0 280.04369323471195 15.143999999999998 311.5939773518897 1 1587882351.699000_00002768_208_l.png

258 -0.43211722843250905 0.0 0.9018174432177539 0.0 281.468739838797 15.156 310.2702939699036 1 1587882351.749000_00002769_209_l.png

261 -0.4324477327569552 0.0 0.901659003411694 0.0 281.6978966388952 15.156999999999998 310.01684574480726 1 1587882351.800000_00002770_210_l.png

263 -0.432660169148579 0.0 0.9015570852876278 0.0 281.8335147121854 15.132 309.8454027228384 1 1587882351.850000_00002771_211_l.png

264 -0.4308497578176688 0.0 0.9024236733311334 0.0 280.5814276062223 15.124 310.93255574598606 1 1587882351.900000_00002772_212_l.png

265 -0.43077888029932876 0.0 0.9024575094086461 0.0 280.5352822667062 15.124 310.9398264944608 1 1587882351.950000_00002773_213_l.png

266 -0.4294789886518767 0.0 0.9030768507201152 0.0 279.6387169957857 15.126 311.7108635602632 1 1587882352.000000_00002774_214_l.png

269 -0.43063711729130355 0.0 0.902525164863028 0.0 280.44178537476097 15.129 310.95907142766634 1 1587882352.050000_00002775_215_l.png

267 -0.43192047210499107 0.0 0.9019116951102263 0.0 281.3270657034318 15.129999999999997 310.1264482044636 1 1587882352.100000_00002776_216_l.png

268 -0.431794537266009 0.0 0.9019719937931738 0.0 281.23851898865104 15.127 310.1764753121511 1 1587882352.150000_00002777_217_l.png

270 -0.430881258083869 0.0 0.9024086332876378 0.0 280.6088902780317 15.124 310.71638717024257 1 1587882352.200000_00002778_218_l.png

271 -0.43018025311424113 0.0 0.902743014279572 0.0 280.1200466192665 15.127 311.12713930755064 1 1587882352.250000_00002779_219_l.png

272 -0.4317551809023524 0.0 0.9019908335254726 0.0 281.2100836517583 15.129000000000003 310.1219980643851 1 1587882352.300000_00002780_220_l.png

273 -0.43322654873080196 0.0 0.9012850589435054 0.0 282.22725697021 15.131999999999998 309.1825523091168 1 1587882352.350000_00002781_221_l.png

287 -0.4329433803045899 0.0 0.9014211165989153 0.0 282.03213034449834 15.130999999999998 309.3402013136532 1 1587882352.400000_00002782_222_l.png

275 -0.4332816042936833 0.0 0.9012585929580322 0.0 282.264222189961 15.129 309.1074597423499 1 1587882352.450000_00002783_223_l.png

276 -0.4332894692421145 0.0 0.9012548118284234 0.0 282.27658638865574 15.121 309.084745832338 1 1587882352.500000_00002784_224_l.png

277 -0.4315347700774214 0.0 0.9020963042903053 0.0 281.0644817465485 15.121 310.1639420346539 1 1587882352.550000_00002785_225_l.png

278 -0.4309206326783112 0.0 0.9023898316870177 0.0 280.6396893431505 15.124999999999996 310.53218820398337 1 1587882352.600000_00002786_226_l.png

279 -0.43160561922444657 0.0 0.9020624088464624 0.0 281.1151333673318 15.127999999999998 310.09162069008795 1 1587882352.650000_00002787_227_l.png

280 -0.4306843728081008 0.0 0.9025026155191423 0.0 280.48029305044895 15.126 310.6539777760991 1 1587882352.700000_00002788_228_l.png

281 -0.43029054076876694 0.0 0.9026904511098597 0.0 280.20794512752644 15.127999999999998 310.88485639560906 1 1587882352.750000_00002789_229_l.png

285 -0.4304480834192492 0.0 0.9026153374947132 0.0 280.313791530857 15.130999999999998 310.7758703086327 1 1587882352.800000_00002790_230_l.png

284 -0.4299990523145781 0.0 0.9028293388058258 0.0 280.0057154060242 15.130999999999998 311.0449369996176 1 1587882352.850000_00002791_231_l.png

289 -0.43053472628824657 0.0 0.9025740132863924 0.0 280.3769753662881 15.129 310.7026336316907 1 1587882352.900000_00002792_232_l.png

274 -0.43180240844009377 0.0 0.9019682256406456 0.0 281.2554497655375 15.128999999999998 309.90934033604213 1 1587882352.950000_00002793_233_l.png

286 -0.4309678811086914 0.0 0.9023672674984864 0.0 280.67551154705984 15.132 310.4227366796778 1 1587882353.000000_00002794_234_l.png

283 -0.4299832949045403 0.0 0.9028368435675601 0.0 279.99552382844723 15.126999999999999 311.0315907500317 1 1587882353.050000_00002795_235_l.png

288 -0.4312355998927174 0.0 0.9022393570362401 0.0 280.86648262690983 15.124999999999998 310.2558362181612 1 1587882353.100000_00002796_236_l.png

282 -0.4301960088866186 0.0 0.9027355060802829 0.0 280.146849812618 15.126 310.90008023932876 1 1587882353.150000_00002797_237_l.png

290 -0.43129071375406647 0.0 0.9022130126691301 0.0 280.90048391516103 15.127999999999998 310.22045488347374 1 1587882353.200000_00002798_238_l.png

291 -0.4302826632921338 0.0 0.9026942060688261 0.0 280.2065624611978 15.123000000000003 310.8466952155721 1 1587882353.250000_00002799_239_l.png

293 -0.4301487411763694 0.0 0.9027580298531743 0.0 280.1148298384561 15.121 310.9320236026611 1 1587882353.300000_00002800_240_l.png

294 -0.4305898605938901 0.0 0.90254771173259 0.0 280.41980327045763 15.126 310.65973606110236 1 1587882353.350000_00002801_241_l.png

292 -0.43021176452795107 0.0 0.9027279976060046 0.0 280.1570645222552 15.124 310.893212507416 1 1587882353.400000_00002802_242_l.png

296 -0.43110174524467915 0.0 0.9023033221965835 0.0 280.7742753779379 15.124 310.34245898831193 1 1587882353.450000_00002803_243_l.png

295 -0.4304165759379751 0.0 0.9026303624174344 0.0 280.29765966256235 15.122999999999998 310.7647239356605 1 1587882353.500000_00002804_244_l.png

297 -0.43129858703145657 0.0 0.9022092489132824 0.0 280.9088305576013 15.123 310.2187222513189 1 1587882353.550000_00002805_245_l.png

299 -0.4303614365838116 0.0 0.9026566533857254 0.0 280.2594709567838 15.121999999999996 310.80158985800375 1 1587882353.600000_00002806_246_l.png

301 -0.43057410809908225 0.0 0.9025552268059166 0.0 280.408125952662 15.123 310.66929756625854 1 1587882353.650000_00002807_247_l.png

300 -0.4306213651900056 0.0 0.9025326807611432 0.0 280.44134122424697 15.12 310.6413816272994 1 1587882353.700000_00002808_248_l.png

298 -0.430038445266601 0.0 0.9028105756982937 0.0 280.03685398049214 15.120999999999999 311.0011742054206 1 1587882353.750000_00002809_249_l.png

302 -0.43113324130967856 0.0 0.9022882733571408 0.0 280.79552336806637 15.121 310.32059897014625 1 1587882353.800000_00002810_250_l.png

303 -0.429707519030704 0.0 0.9029681323770387 0.0 279.80763147038647 15.117000000000003 311.2046628169102 1 1587882353.850000_00002811_251_l.png

304 -0.43057410809908225 0.0 0.9025552268059166 0.0 280.40839959369407 15.123 310.67013238571593 1 1587882353.900000_00002812_252_l.png

306 -0.4309442570411835 0.0 0.9023785499019922 0.0 280.6636017929402 15.12 310.44163234159066 1 1587882353.950000_00002813_253_l.png

305 -0.43167646570911133 0.0 0.9020285078382447 0.0 281.16862998148434 15.120999999999999 309.98432161795427 1 1587882354.000000_00002814_254_l.png

307 -0.4301329850108853 0.0 0.9027655372274827 0.0 280.10358885282403 15.121 310.943366708359 1 1587882354.050000_00002815_255_l.png

308 -0.4315898751996171 0.0 0.9020699416481955 0.0 281.111678373836 15.123 310.0393799251625 1 1587882354.100000_00002816_0_l.png

311 -0.43029841821263154 0.0 0.9026866960821497 0.0 280.2170386126322 15.121 310.8433071672541 1 1587882354.150000_00002817_1_l.png

309 -0.43136157206809905 0.0 0.9021791363930659 0.0 280.95444337265894 15.12 310.18343526433 1 1587882354.200000_00002818_2_l.png

310 -0.4314875358338646 0.0 0.902118898161445 0.0 281.041287654591 15.121999999999998 310.10502579348304 1 1587882354.250000_00002819_3_l.png

312 -0.43034568218764807 0.0 0.9026641644722847 0.0 280.25144423679086 15.116999999999999 310.81514059282665 1 1587882354.300000_00002820_4_l.png

314 -0.430708000123728 0.0 0.9024913399193472 0.0 280.50183908676706 15.120000000000003 310.5898427592494 1 1587882354.350000_00002821_5_l.png

313 -0.43060561295753297 0.0 0.9025401963843314 0.0 280.42834390637796 15.123 310.64905422170375 1 1587882354.400000_00002822_6_l.png

315 -0.43113324130967856 0.0 0.9022882733571408 0.0 280.78970445442457 15.118 310.32220335371755 1 1587882354.450000_00002823_7_l.png

316 -0.4316843373763784 0.0 0.9020247407160832 0.0 281.1711974773391 15.123 309.9770944801025 1 1587882354.500000_00002824_8_l.png

317 -0.4314403004073603 0.0 0.9021414895593743 0.0 281.00245892069495 15.124999999999998 310.1294367789481 1 1587882354.550000_00002825_9_l.png

319 -0.43027478578273237 0.0 0.9026979609590484 0.0 280.19720444555105 15.121 310.85432919613635 1 1587882354.600000_00002826_10_l.png

318 -0.4306922486127757 0.0 0.9024988570546064 0.0 280.48510248783185 15.124 310.5950914526003 1 1587882354.650000_00002827_11_l.png

320 -0.4310151283575484 0.0 0.9023447008360641 0.0 280.7098187180386 15.116 310.39488202943704 1 1587882354.701000_00002828_12_l.png

321 -0.43095213176317176 0.0 0.9023747891695434 0.0 280.66402339855335 15.12 310.4306186994446 1 1587882354.751000_00002829_13_l.png

322 -0.43063711729130355 0.0 0.902525164863028 0.0 280.445997419535 15.12 310.62815583829456 1 1587882354.801000_00002830_14_l.png

323 -0.4313379529257172 0.0 0.9021904291034415 0.0 280.93266942749864 15.121 310.1931157439165 1 1587882354.851000_00002831_15_l.png

324 -0.4311726106521883 0.0 0.9022694607617927 0.0 280.8157227695109 15.121 310.2951022844886 1 1587882354.901000_00002832_16_l.png

325 -0.4314560456809591 0.0 0.9021339593682028 0.0 281.0150029982658 15.121 310.1193467544336 1 1587882354.951000_00002833_17_l.png

326 -0.4299990523145781 0.0 0.9028293388058258 0.0 280.0069011529052 15.113999999999999 311.0250597059972 1 1587882355.001000_00002834_18_l.png

327 -0.4311962318636708 0.0 0.9022581723800409 0.0 280.83361844297775 15.119 310.28024471829224 1 1587882355.051000_00002835_19_l.png

328 -0.4314875358338646 0.0 0.902118898161445 0.0 281.03531298161374 15.119 310.0997821968351 1 1587882355.101000_00002836_20_l.png

330 -0.43083400748769995 0.0 0.9024311929405413 0.0 280.5836031349251 15.12 310.5065267898188 1 1587882355.151000_00002837_21_l.png

329 -0.4304795903760353 0.0 0.9026003114721824 0.0 280.33659178371676 15.119 310.7246508400423 1 1587882355.201000_00002838_22_l.png

331 -0.43077888029932876 0.0 0.9024575094086461 0.0 280.5449259346113 15.115 310.54055464864496 1 1587882355.251000_00002839_23_l.png

332 -0.43115686301368716 0.0 0.9022769860060693 0.0 280.80720788868626 15.118 310.30519285668987 1 1587882355.301000_00002840_24_l.png

333 -0.4309678811086914 0.0 0.9023672674984864 0.0 280.67623524173905 15.119 310.4206719319786 1 1587882355.351000_00002841_25_l.png

334 -0.43114898914518485 0.0 0.9022807485251392 0.0 280.80168687655464 15.124 310.3090099214809 1 1587882355.401000_00002842_26_l.png

335 -0.43102300278414535 0.0 0.9023409394851476 0.0 280.7143801639938 15.124999999999996 310.3857999285919 1 1587882355.451000_00002843_27_l.png

336 -0.4309442570411835 0.0 0.9023785499019922 0.0 280.66122011072446 15.124999999999998 310.4345997974057 1 1587882355.501000_00002844_28_l.png

337 -0.4303220503476088 0.0 0.9026754305865591 0.0 280.2305720053957 15.126 310.8204177146994 1 1587882355.551000_00002845_29_l.png

338 -0.4316292350151742 0.0 0.9020511091286433 0.0 281.13230893358957 15.127 310.0103609508496 1 1587882355.601000_00002846_30_l.png

339 -0.43160561922444657 0.0 0.9020624088464624 0.0 281.1191281884782 15.124999999999998 310.02353691300743 1 1587882355.651000_00002847_31_l.png

340 -0.4306528692614221 0.0 0.9025176486899879 0.0 280.45911065417334 15.127 310.61506623217826 1 1587882355.701000_00002848_32_l.png

343 -0.4311253673426763 0.0 0.902292035670072 0.0 280.78879141690913 15.118 310.32180276201143 1 1587882355.751000_00002849_33_l.png

341 -0.43037719084887976 0.0 0.9026491420242014 0.0 280.27072943366284 15.121999999999998 310.78699269878547 1 1587882355.801000_00002850_34_l.png

342 -0.4315583867555538 0.0 0.902085006427301 0.0 281.08640529415266 15.121 310.05187351960467 1 1587882355.851000_00002851_35_l.png

344 -0.43045596020761784 0.0 0.9026115810921871 0.0 280.3255103153359 15.120000000000003 310.73809827223715 1 1587882355.901000_00002852_36_l.png

345 -0.43025903066562904 0.0 0.9027054705332594 0.0 280.18850700773277 15.12 310.86079839180763 1 1587882355.951000_00002853_37_l.png

348 -0.4313930637980378 0.0 0.9021640784840317 0.0 280.97239306019986 15.12 310.15564080310924 1 1587882356.001000_00002854_38_l.png

347 -0.4303850679322513 0.0 0.9026453862403283 0.0 280.2772565948036 15.121 310.7819561528575 1 1587882356.051000_00002855_39_l.png

349 -0.4303062956237273 0.0 0.902682940985696 0.0 280.2235142834343 15.122999999999998 310.83189773094847 1 1587882356.101000_00002856_40_l.png

346 -0.431794537266009 0.0 0.9019719937931738 0.0 281.25238116348135 15.124999999999998 309.9071993617524 1 1587882356.151000_00002857_41_l.png

350 -0.4306843728081008 0.0 0.9025026155191423 0.0 280.4842252348295 15.123 310.59757605679397 1 1587882356.201000_00002858_42_l.png

351 -0.43079463108861504 0.0 0.9024499907613851 0.0 280.5610773234995 15.127999999999998 310.5307473063691 1 1587882356.251000_00002859_43_l.png

352 -0.42992814293796977 0.0 0.9028631080678338 0.0 279.9608628303301 15.124 311.0678496430562 1 1587882356.301000_00002860_44_l.png

353 -0.42939229751881486 0.0 0.9031180735825818 0.0 279.59012011864115 15.127 311.400012886091 1 1587882356.351000_00002861_45_l.png

354 -0.43049534365773356 0.0 0.9025927980484941 0.0 280.3544563672625 15.124999999999998 310.7168544440848 1 1587882356.401000_00002862_46_l.png

355 -0.43084188266908974 0.0 0.9024274331701992 0.0 280.59460919043335 15.125999999999998 310.5032873590284 1 1587882356.451000_00002863_47_l.png

360 -0.43051897333439854 0.0 0.9025815273974398 0.0 280.36929878855443 15.127 310.7025853506072 1 1587882356.501000_00002864_48_l.png

357 -0.43110174524467915 0.0 0.9023033221965835 0.0 280.77376985506487 15.119 310.3410293753676 1 1587882356.551000_00002865_49_l.png

359 -0.4304165759379751 0.0 0.9026303624174344 0.0 280.3008256327533 15.126999999999999 310.76668640655396 1 1587882356.601000_00002866_50_l.png

358 -0.4308103817466741 0.0 0.902442471839222 0.0 280.56744183438695 15.129 310.5215635831358 1 1587882356.651000_00002867_51_l.png

356 -0.43055047911094646 0.0 0.9025664989004047 0.0 280.38787283229715 15.129 310.682027021712 1 1587882356.701000_00002868_52_l.png

361 -0.4297863162291519 0.0 0.9029306298837001 0.0 279.86020980534823 15.129 311.1554245196712 1 1587882356.751000_00002869_53_l.png

362 -0.43066862110035586 0.0 0.9025101322420254 0.0 280.4702479057156 15.127999999999998 310.6079229846787 1 1587882356.801000_00002870_54_l.png

363 -0.4304480834192492 0.0 0.9026153374947132 0.0 280.31733190353566 15.129999999999999 310.747509457852 1 1587882356.851000_00002871_55_l.png

365 -0.43012510687900807 0.0 0.9027692908115129 0.0 280.09230491196917 15.124 310.9457537514112 1 1587882356.901000_00002872_56_l.png

364 -0.43067649697062754 0.0 0.9025063739149486 0.0 280.47357891722737 15.122999999999998 310.60212523075825 1 1587882356.951000_00002873_57_l.png

366 -0.4307473783270927 0.0 0.9024725458784529 0.0 280.524068023169 15.124 310.55925906104926 1 1587882357.001000_00002874_58_l.png

367 -0.43195982501542574 0.0 0.9018928481658133 0.0 281.3595904315544 15.123 309.80340721510635 1 1587882357.051000_00002875_59_l.png

369 -0.42951051171910387 0.0 0.9030618585250921 0.0 279.6663170875166 15.124999999999998 311.32603174091025 1 1587882357.101000_00002876_60_l.png

368 -0.43091275782505345 0.0 0.9023935921445845 0.0 280.63786114550163 15.123 310.456988909617 1 1587882357.151000_00002877_61_l.png

370 -0.4311883581593465 0.0 0.9022619352426695 0.0 280.82968854728585 15.124999999999998 310.2847398620441 1 1587882357.201000_00002878_62_l.png

372 -0.42916372920405027 0.0 0.9032267121468854 0.0 279.42604986634825 15.123 311.5417596759573 1 1587882357.251000_00002879_63_l.png

371 -0.43211722843250905 0.0 0.9018174432177539 0.0 281.47025991165117 15.123 309.7078301714501 1 1587882357.301000_00002880_64_l.png

373 -0.43078675571037517 0.0 0.9024537501193785 0.0 280.55310791214936 15.126 310.53522718724895 1 1587882357.351000_00002881_65_l.png

374 -0.4322667494865431 0.0 0.901745783072113 0.0 281.5723215826563 15.121999999999998 309.61336995749656 1 1587882357.401000_00002882_66_l.png

376 -0.4315426423363298 0.0 0.9020925384046687 0.0 281.0739719567742 15.121999999999996 310.06388810843237 1 1587882357.451000_00002883_67_l.png

375 -0.43088913306838694 0.0 0.9024048731049573 0.0 280.6230369428605 15.121999999999996 310.4733155868136 1 1587882357.501000_00002884_68_l.png

377 -0.4301329850108853 0.0 0.9027655372274827 0.0 280.0994237749495 15.121999999999998 310.94263057119747 1 1587882357.551000_00002885_69_l.png

378 -0.4310859970151953 0.0 0.9023108462040202 0.0 280.75940867112274 15.121 310.3492347660549 1 1587882357.601000_00002886_70_l.png

379 -0.429731158533869 0.0 0.902956882351056 0.0 279.82015153112707 15.132 311.18891356945693 1 1587882357.652000_00002887_71_l.png

381 -0.4302826632921338 0.0 0.9026942060688261 0.0 280.20187325985944 15.134000000000002 310.84982322553327 1 1587882357.702000_00002888_72_l.png

382 -0.4297390383028059 0.0 0.9029531322048667 0.0 279.8248687172307 15.129 311.18465274664385 1 1587882357.752000_00002889_73_l.png

384 -0.43158200313790096 0.0 0.9020737079460175 0.0 281.09986286696375 15.129999999999999 310.0395331472891 1 1587882357.802000_00002890_74_l.png

380 -0.42989662680818785 0.0 0.9028781148410575 0.0 279.93395899536955 15.129999999999997 311.0857024151448 1 1587882357.852000_00002891_75_l.png

383 -0.43063711729130355 0.0 0.902525164863028 0.0 280.44979422709935 15.121999999999998 310.63022033814383 1 1587882357.902000_00002892_76_l.png

385 -0.43102300278414535 0.0 0.9023409394851476 0.0 280.71582109874754 15.123999999999999 310.3890084217578 1 1587882357.952000_00002893_77_l.png

386 -0.43088913306838694 0.0 0.9024048731049573 0.0 280.62418435893704 15.126999999999999 310.47424684584007 1 1587882358.002000_00002894_78_l.png

387 -0.4302275200382334 0.0 0.9027204888567399 0.0 280.1649004964114 15.124 310.88399962170047 1 1587882358.052000_00002895_79_l.png

388 -0.43247133798626464 0.0 0.9016476816475324 0.0 281.71721975955 15.127999999999998 309.4881856517916 1 1587882358.102000_00002896_80_l.png

389 -0.4312749671007525 0.0 0.9022205399747031 0.0 280.889809505117 15.129 310.2340968472773 1 1587882358.152000_00002897_81_l.png

390 -0.4310859970151953 0.0 0.9023108462040202 0.0 280.7589164014079 15.126 310.3518948245756 1 1587882358.202000_00002898_82_l.png

391 -0.4308497578176688 0.0 0.9024236733311334 0.0 280.59523131726655 15.129999999999999 310.4967193058197 1 1587882358.252000_00002899_83_l.png

392 -0.43029054076876694 0.0 0.9026904511098597 0.0 280.2090179196039 15.126 310.8454939595355 1 1587882358.302000_00002900_84_l.png

393 -0.43079463108861504 0.0 0.9024499907613851 0.0 280.55886250792787 15.126 310.53200979073335 1 1587882358.352000_00002901_85_l.png

395 -0.43051109680829525 0.0 0.9025852843498606 0.0 280.363246445028 15.129999999999997 310.7082128476285 1 1587882358.402000_00002902_86_l.png

394 -0.43192047210499107 0.0 0.9019116951102263 0.0 281.3367816927961 15.125999999999998 309.83046070846024 1 1587882358.452000_00002903_87_l.png

396 -0.43111749334284183 0.0 0.9022957979142897 0.0 280.78087023457454 15.127 310.3312193542232 1 1587882358.502000_00002904_88_l.png

397 -0.4291400826369525 0.0 0.9032379473175103 0.0 279.4093315262611 15.124999999999998 311.55734960596595 1 1587882358.552000_00002905_89_l.png

398 -0.4310545001622837 0.0 0.9023258933943122 0.0 280.73567577188936 15.123 310.36887489334896 1 1587882358.602000_00002906_90_l.png

399 -0.4312749671007525 0.0 0.9022205399747031 0.0 280.8893546944582 15.127999999999998 310.23495163810674 1 1587882358.652000_00002907_91_l.png

400 -0.43111749334284183 0.0 0.9022957979142897 0.0 280.77924816649437 15.124 310.3297002854176 1 1587882358.702000_00002908_92_l.png

401 -0.4301960088866186 0.0 0.9027355060802829 0.0 280.1422032425957 15.123 310.9034468219556 1 1587882358.752000_00002909_93_l.png

402 -0.43173943812672516 0.0 0.9019983689375606 0.0 281.21022573240896 15.129999999999999 309.94393929042326 1 1587882358.802000_00002910_94_l.png

403 -0.42986511015459 0.0 0.9028931205141516 0.0 279.9151992400578 15.128000000000002 311.10876363887377 1 1587882358.852000_00002911_95_l.png

405 -0.4309285074987524 0.0 0.9023860711607297 0.0 280.64984324067603 15.129999999999999 310.4464479699235 1 1587882358.902000_00002912_96_l.png

404 -0.429534153676081 0.0 0.9030506136567169 0.0 279.6857269767629 15.129 311.3112049281011 1 1587882358.952000_00002913_97_l.png

406 -0.43072375150347897 0.0 0.9024838225091736 0.0 280.510641047148 15.127 310.5759037066571 1 1587882359.002000_00002914_98_l.png

407 -0.43050322024940657 0.0 0.9025890412335454 0.0 280.35669036257593 15.128999999999998 310.71240995094394 1 1587882359.052000_00002915_99_l.png

408 -0.4314717908231287 0.0 0.9021264289022256 0.0 281.02692849797745 15.123 310.1085519915184 1 1587882359.102000_00002916_100_l.png

409 -0.43006995903873585 0.0 0.902795563974713 0.0 280.0583534096064 15.129 310.9791187769788 1 1587882359.152000_00002917_101_l.png

410 -0.4317158237166947 0.0 0.9020096715405084 0.0 281.1953779049876 15.129999999999999 309.9580089896827 1 1587882359.202000_00002918_102_l.png

411 -0.4301644972108231 0.0 0.9027505222038699 0.0 280.12172121988107 15.126 310.9216329813418 1 1587882359.252000_00002919_103_l.png

412 -0.43029054076876694 0.0 0.9026904511098597 0.0 280.2095447300719 15.123 310.84367603849876 1 1587882359.302000_00002920_104_l.png

413 -0.4312434734000079 0.0 0.9022355937613505 0.0 280.8679917169926 15.124999999999998 310.2508065968075 1 1587882359.352000_00002921_105_l.png

414 -0.4304480834192492 0.0 0.9026153374947132 0.0 280.3186349407494 15.127999999999998 310.74795658487983 1 1587882359.402000_00002922_106_l.png

415 -0.4310387515388654 0.0 0.9023334165771631 0.0 280.7265595159544 15.124 310.3797014901906 1 1587882359.452000_00002923_107_l.png

416 -0.429770557051284 0.0 0.9029381309324738 0.0 279.8495753157997 15.126 311.1674650390058 1 1587882359.502000_00002924_108_l.png

417 -0.4320542686449722 0.0 0.901847608493618 0.0 281.42923985408873 15.129 309.7478702047463 1 1587882359.552000_00002925_109_l.png

419 -0.4298808685468633 0.0 0.902885617815122 0.0 279.92634683148435 15.123999999999999 311.0975500803453 1 1587882359.602000_00002926_110_l.png

418 -0.43051109680829525 0.0 0.9025852843498606 0.0 280.3623601995638 15.123999999999999 310.70871728783254 1 1587882359.652000_00002927_111_l.png

420 -0.4315426423363298 0.0 0.9020925384046687 0.0 281.0751851006645 15.121999999999996 310.06650004965144 1 1587882359.702000_00002928_112_l.png

421 -0.4302826632921338 0.0 0.9026942060688261 0.0 280.20486257837223 15.124000000000004 310.8487839198307 1 1587882359.752000_00002929_113_l.png

422 -0.43197556594933406 0.0 0.9018853089072649 0.0 281.37538334164964 15.126 309.7983795933035 1 1587882359.802000_00002930_114_l.png

423 -0.4311883581593465 0.0 0.9022619352426695 0.0 280.8261710640889 15.121999999999998 310.2855592922614 1 1587882359.852000_00002931_115_l.png

424 -0.43095213176317176 0.0 0.9023747891695434 0.0 280.66532038358787 15.127 310.4337110326493 1 1587882359.902000_00002932_116_l.png

425 -0.429620838332801 0.0 0.9030093771773476 0.0 279.74448765267977 15.126 311.26033871863666 1 1587882359.952000_00002933_117_l.png

426 -0.43136944504986025 0.0 0.9021753720188639 0.0 280.9521232434485 15.123 310.17285902618244 1 1587882360.002000_00002934_118_l.png

427 -0.43110961931017583 0.0 0.9022995600897937 0.0 280.77757621684515 15.124999999999998 310.33786160084566 1 1587882360.052000_00002935_119_l.png

429 -0.43006208064482815 0.0 0.9027993170087365 0.0 280.04615694501825 15.126999999999999 310.98525620078317 1 1587882360.102000_00002936_120_l.png

430 -0.43047171368601167 0.0 0.9026040680809213 0.0 280.32983003286245 15.127 310.73378471289465 1 1587882360.152000_00002937_121_l.png

428 -0.4314717908231287 0.0 0.9021264289022256 0.0 281.0209909163964 15.121 310.10884086243055 1 1587882360.202000_00002938_122_l.png

431 -0.43061348909016567 0.0 0.9025364386071033 0.0 280.42772270528445 15.123 310.6416775183599 1 1587882360.252000_00002939_123_l.png

433 -0.43079463108861504 0.0 0.9024499907613851 0.0 280.5533239116738 15.127 310.5317978391227 1 1587882360.302000_00002940_124_l.png

432 -0.4307631293788197 0.0 0.9024650277810028 0.0 280.5321106684346 15.123 310.55123410928934 1 1587882360.352000_00002941_125_l.png

434 -0.4304480834192492 0.0 0.9026153374947132 0.0 280.3127665199721 15.126 310.74726783239845 1 1587882360.402000_00002942_126_l.png

435 -0.4307316271441523 0.0 0.9024800637009944 0.0 280.5105786235583 15.123 310.5695947985174 1 1587882360.452000_00002943_127_l.png

436 -0.43001480959363036 0.0 0.9028218337690741 0.0 280.0138097792545 15.121999999999998 311.01406973328886 1 1587882360.502000_00002944_128_l.png

437 -0.43301417641815326 0.0 0.9013871105251664 0.0 282.0884147003662 15.124999999999996 309.1472259957604 1 1587882360.552000_00002945_129_l.png

438 -0.4305898605938901 0.0 0.90254771173259 0.0 280.4129311843529 15.127 310.658233634193 1 1587882360.603000_00002946_130_l.png

439 -0.43116473684935513 0.0 0.9022732234182871 0.0 280.808674119207 15.123 310.29992420182816 1 1587882360.653000_00002947_131_l.png

441 -0.4310151283575484 0.0 0.9023447008360641 0.0 280.70788515318293 15.124 310.3943334934555 1 1587882360.703000_00002948_132_l.png

440 -0.4309600064523413 0.0 0.9023710283683747 0.0 280.667350272881 15.126999999999999 310.4295104013915 1 1587882360.753000_00002949_133_l.png

444 -0.43157413104331804 0.0 0.9020774741751425 0.0 281.0914353499088 15.121 310.04548375678706 1 1587882360.803000_00002950_134_l.png

443 -0.432203794701464 0.0 0.9017759587866905 0.0 281.52730040109236 15.121999999999996 309.6495738894223 1 1587882360.853000_00002951_135_l.png

442 -0.43247133798626464 0.0 0.9016476816475324 0.0 281.71074720292415 15.127 309.48296999039394 1 1587882360.903000_00002952_136_l.png

445 -0.4313222066665535 0.0 0.902197957233497 0.0 280.917538997659 15.129999999999999 310.2011096110033 1 1587882360.953000_00002953_137_l.png

446 -0.43263656629101194 0.0 0.9015684119954086 0.0 281.8252644627636 15.129 309.38035313577507 1 1587882361.003000_00002954_138_l.png

447 -0.43195982501542574 0.0 0.9018928481658133 0.0 281.35823117041946 15.124999999999998 309.80068033152673 1 1587882361.053000_00002955_139_l.png

448 -0.4318260217650434 0.0 0.9019569207709293 0.0 281.2656892394683 15.124999999999996 309.88686078306984 1 1587882361.103000_00002956_140_l.png

449 -0.4310781228512096 0.0 0.9023146081046662 0.0 280.7546728923601 15.119 310.35266847295264 1 1587882361.153000_00002957_141_l.png

450 -0.4308025064340483 0.0 0.9024462313346661 0.0 280.5621919383171 15.119 310.5262110857711 1 1587882361.203000_00002958_142_l.png

451 -0.43250281116425726 0.0 0.9016325850006837 0.0 281.7354929298898 15.118 309.4657491405302 1 1587882361.253000_00002959_143_l.png

452 -0.4323060951573696 0.0 0.901726921018657 0.0 281.597930194546 15.124999999999998 309.5889809836152 1 1587882361.303000_00002960_144_l.png

454 -0.4315111531035195 0.0 0.9021076015350225 0.0 281.05003611791494 15.125999999999998 310.0850020987344 1 1587882361.353000_00002961_145_l.png

453 -0.4310938711463521 0.0 0.9023070842346593 0.0 280.76389452358285 15.127999999999998 310.3437628499809 1 1587882361.403000_00002962_146_l.png

455 -0.4313143334877009 0.0 0.9022017211954655 0.0 280.9145713041861 15.124999999999995 310.2061803380283 1 1587882361.453000_00002963_147_l.png

456 -0.43110961931017583 0.0 0.9022995600897937 0.0 280.77554168782666 15.124999999999998 310.3327450123687 1 1587882361.503000_00002964_148_l.png

457 -0.43114898914518485 0.0 0.9022807485251392 0.0 280.80263531537724 15.118 310.31018663230907 1 1587882361.553000_00002965_149_l.png

458 -0.43053472628824657 0.0 0.9025740132863924 0.0 280.3775543904571 15.116999999999999 310.6916718628181 1 1587882361.603000_00002966_150_l.png

459 -0.4316607222759555 0.0 0.9020360418764876 0.0 281.15438123553315 15.121999999999998 309.9897753776187 1 1587882361.653000_00002967_151_l.png

460 -0.4312277263525866 0.0 0.9022431202424204 0.0 280.8574935862098 15.116999999999999 310.25806677661615 1 1587882361.703000_00002968_152_l.png

461 -0.4304323297441705 0.0 0.9026228500935514 0.0 280.30831654938413 15.113999999999999 310.75086278897254 1 1587882361.753000_00002969_153_l.png

462 -0.43173943812672516 0.0 0.9019983689375606 0.0 281.21267930062265 15.113 309.93003362346263 1 1587882361.803000_00002970_154_l.png

463 -0.43095213176317176 0.0 0.9023747891695434 0.0 280.66699484525424 15.110999999999999 310.40936592248437 1 1587882361.853000_00002971_155_l.png

466 -0.4331793569616333 0.0 0.9013077413970801 0.0 282.204651390044 15.115 309.01120472554226 1 1587882361.903000_00002972_156_l.png

465 -0.43237691529072153 0.0 0.9016929649962233 0.0 281.6520364854188 15.108999999999998 309.5003428741586 1 1587882361.953000_00002973_157_l.png

464 -0.4324634696094287 0.0 0.9016514556375844 0.0 281.71397657183525 15.117999999999999 309.42914963860017 1 1587882362.003000_00002974_158_l.png

467 -0.43259722753613167 0.0 0.9015872884685388 0.0 281.80455093098385 15.113999999999999 309.3303805572707 1 1587882362.053000_00002975_159_l.png

468 -0.43259722753613167 0.0 0.9015872884685388 0.0 281.80566668136197 15.113 309.3107360014304 1 1587882362.103000_00002976_160_l.png

469 -0.4329119145079687 0.0 0.9014362286246572 0.0 282.0253558879039 15.112 309.09664797934175 1 1587882362.153000_00002977_161_l.png

470 -0.43166859400897 0.0 0.902032274891713 0.0 281.16802141152135 15.110999999999999 309.8519443932376 1 1587882362.203000_00002978_162_l.png

471 -0.43235330887592927 0.0 0.9017042842883888 0.0 281.64025837131237 15.113 309.4029384270807 1 1587882362.253000_00002979_163_l.png

472 -0.4328332477087308 0.0 0.9014740038835908 0.0 281.97082847300896 15.121999999999998 309.08075415882763 1 1587882362.303000_00002980_164_l.png

473 -0.432203794701464 0.0 0.9017759587866905 0.0 281.53728953941254 15.120999999999999 309.4465616393588 1 1587882362.353000_00002981_165_l.png

474 -0.4339421448777203 0.0 0.9009407388385341 0.0 282.73530003779337 15.12 308.33522335915876 1 1587882362.403000_00002982_166_l.png

475 -0.43442953718840505 0.0 0.9007058216855646 0.0 283.0686340267477 15.124999999999998 308.0007316541698 1 1587882362.453000_00002983_167_l.png

477 -0.4354667873576777 0.0 0.9002047973146905 0.0 283.7831162345743 15.116 307.32142734614115 1 1587882362.503000_00002984_168_l.png

476 -0.4351211014362671 0.0 0.900371938192706 0.0 283.54732336600586 15.115 307.5047671291485 1 1587882362.553000_00002985_169_l.png

478 -0.43277817898798165 0.0 0.901500442480117 0.0 281.9399807255454 15.116999999999997 308.9427930075919 1 1587882362.603000_00002986_170_l.png

479 -0.43166859400897 0.0 0.902032274891713 0.0 281.1717353922045 15.12 309.60353831971406 1 1587882362.653000_00002987_171_l.png

480 -0.43110174524467915 0.0 0.9023033221965835 0.0 280.78285487126124 15.113 309.919503554973 1 1587882362.703000_00002988_172_l.png

481 -0.4312828404438316 0.0 0.9022167763562705 0.0 280.9100723237813 15.113999999999997 309.7704516542665 1 1587882362.753000_00002989_173_l.png

482 -0.4324241272312508 0.0 0.901670324557868 0.0 281.6942872285535 15.118 309.0208683921039 1 1587882362.803000_00002990_174_l.png

483 -0.4309206326783112 0.0 0.9023898316870177 0.0 280.66069866900216 15.114999999999998 309.9229281425567 1 1587882362.853000_00002991_175_l.png

484 -0.4317000806122885 0.0 0.9020172062656807 0.0 281.1972709552325 15.109999999999998 309.39590262861 1 1587882362.903000_00002992_176_l.png

485 -0.43140880946589505 0.0 0.902156549117291 0.0 281.00052285966603 15.112 309.5362838881086 1 1587882362.953000_00002993_177_l.png

487 -0.43402076513658167 0.0 0.9009028668120976 0.0 282.7944754659472 15.112 307.86268880735156 1 1587882363.003000_00002994_178_l.png

488 -0.4368017883677021 0.0 0.8995577789551804 0.0 284.69618649603314 15.123000000000003 306.0683514172457 1 1587882363.053000_00002995_179_l.png

486 -0.43513681582480745 0.0 0.9003643437597069 0.0 283.5606358728227 15.126 307.07086068830523 1 1587882363.103000_00002996_180_l.png

489 -0.43203852836904816 0.0 0.9018551491257935 0.0 281.4342409822102 15.113999999999999 308.97320318885795 1 1587882363.153000_00002997_181_l.png

491 -0.431644978711308 0.0 0.9020435756399546 0.0 281.1648842744795 15.123 309.1741924457672 1 1587882363.203000_00002998_182_l.png

492 -0.4342330233240536 0.0 0.9008005780720013 0.0 282.939623346979 15.112 307.5019764514335 1 1587882363.253000_00002999_183_l.png

493 -0.43596948861932017 0.0 0.899961446392571 0.0 284.1258318841135 15.12 306.3604948088811 1 1587882363.303000_00003000_184_l.png

490 -0.43337598149693257 0.0 0.9012132148729125 0.0 282.34774979080794 15.124 307.9446158920075 1 1587882363.353000_00003001_185_l.png

494 -0.43229822608904606 0.0 0.9017306935666902 0.0 281.6119185531893 15.123999999999999 308.5663830544382 1 1587882363.403000_00003002_186_l.png

495 -0.43083400748769995 0.0 0.9024311929405413 0.0 280.60533971611915 15.123 309.42377830777 1 1587882363.453000_00003003_187_l.png

496 -0.4358830965137007 0.0 0.9000032923126603 0.0 284.06996863255364 15.116999999999999 306.2105420141396 1 1587882363.503000_00003004_188_l.png

497 -0.43422516233952374 0.0 0.9008043674356904 0.0 282.9318052124963 15.12 307.2019798078359 1 1587882363.554000_00003005_189_l.png

498 -0.432534283815258 0.0 0.9016174872552228 0.0 281.77548414127205 15.123 308.2073336203319 1 1587882363.604000_00003006_190_l.png

499 -0.4315111531035195 0.0 0.9021076015350225 0.0 281.07456462829657 15.113999999999997 308.79181427314114 1 1587882363.654000_00003007_191_l.png

501 -0.4308497578176688 0.0 0.9024236733311334 0.0 280.6154448016644 15.115 309.1452738000204 1 1587882363.704000_00003008_192_l.png

502 -0.4314481730605879 0.0 0.9021377244981393 0.0 281.0263110774297 15.108999999999998 308.7170058512457 1 1587882363.754000_00003009_193_l.png

500 -0.4340129032594222 0.0 0.9009066543234806 0.0 282.7869552278236 15.103999999999997 307.05661891513694 1 1587882363.804000_00003010_194_l.png

504 -0.429707519030704 0.0 0.9029681323770387 0.0 279.8370455352309 15.107000000000003 309.68461063942425 1 1587882363.854000_00003011_195_l.png

503 -0.43110961931017583 0.0 0.9022995600897937 0.0 280.8017471077729 15.11 308.7506147409907 1 1587882363.904000_00003012_196_l.png

506 -0.4323690465187174 0.0 0.9016967381622799 0.0 281.6621353973711 15.121 307.9084504956559 1 1587882363.954000_00003013_197_l.png

505 -0.43049534365773356 0.0 0.9025927980484941 0.0 280.3770863986832 15.097 309.00535782844804 1 1587882364.004000_00003014_198_l.png

508 -0.433745579773996 0.0 0.9010353888868738 0.0 282.6100628964741 15.109999999999998 306.9111024324443 1 1587882364.054000_00003015_199_l.png

507 -0.43185750573791065 0.0 0.9019418466496775 0.0 281.31750541569954 15.102000000000002 308.0210552284201 1 1587882364.104000_00003016_200_l.png

510 -0.43079463108861504 0.0 0.9024499907613851 0.0 280.59050613399677 15.110999999999999 308.6055019021745 1 1587882364.154000_00003017_201_l.png

509 -0.4312277263525866 0.0 0.9022431202424204 0.0 280.88459458129745 15.098999999999998 308.2579828997842 1 1587882364.204000_00003018_202_l.png

511 -0.43040869898570955 0.0 0.9026341184762677 0.0 280.320080199193 15.119 308.68966235843953 1 1587882364.254000_00003019_203_l.png

512 -0.4339421448777203 0.0 0.9009407388385341 0.0 282.7509013271176 15.1 306.39936474636545 1 1587882364.304000_00003020_204_l.png

513 -0.4309836303229304 0.0 0.9023597455525527 0.0 280.7246818030052 15.097 308.16118508609924 1 1587882364.354000_00003021_205_l.png

514 -0.43302990852511436 0.0 0.9013795528647913 0.0 282.13038133683585 15.095 306.79586580588926 1 1587882364.404000_00003022_206_l.png

515 -0.43058198436288164 0.0 0.9025514693036198 0.0 280.4558228707 15.098999999999998 308.2321913430345 1 1587882364.454000_00003023_207_l.png

516 -0.42966811920428893 0.0 0.9029868810450399 0.0 279.8254520670748 15.094 308.7065328184189 1 1587882364.504000_00003024_208_l.png

517 -0.4315111531035195 0.0 0.9021076015350225 0.0 281.09517111157544 15.100999999999997 307.4606033988379 1 1587882364.554000_00003025_209_l.png

518 -0.43214870753651385 0.0 0.901802358931557 0.0 281.5327659025009 15.086 306.96101283480255 1 1587882364.604000_00003026_210_l.png

519 -0.43162136311780125 0.0 0.9020548757699453 0.0 281.16960266041264 15.086 307.18038093298816 1 1587882364.654000_00003027_211_l.png

520 -0.43070012438465166 0.0 0.9024950985213412 0.0 280.54788107968614 15.089000000000004 307.64847460317463 1 1587882364.704000_00003028_212_l.png

521 -0.42817820656479755 0.0 0.903694319680584 0.0 278.8203813719019 15.087 309.09930351560945 1 1587882364.754000_00003029_213_l.png

522 -0.4275945369971868 0.0 0.90397063665263 0.0 278.4226356684053 15.083 309.3359103874724 1 1587882364.804000_00003030_214_l.png

524 -0.43006208064482815 0.0 0.9027993170087365 0.0 280.1155750469658 15.079999999999998 307.68964707509815 1 1587882364.854000_00003031_215_l.png

523 -0.42805202286095023 0.0 0.9037540958273155 0.0 278.7475715275953 15.081 308.81189099320005 1 1587882364.904000_00003032_216_l.png

525 -0.43050322024940657 0.0 0.9025890412335454 0.0 280.4259741790672 15.088999999999999 307.17077799853723 1 1587882364.954000_00003033_217_l.png

526 -0.430117228714375 0.0 0.9027730443267932 0.0 280.16517334472655 15.075999999999999 307.27912335734607 1 1587882365.004000_00003034_218_l.png

527 -0.42994390080641764 0.0 0.9028556042686788 0.0 280.0508936562114 15.082999999999998 307.25345563380233 1 1587882365.054000_00003035_219_l.png

528 -0.4309678811086914 0.0 0.9023672674984864 0.0 280.75826561368405 15.081999999999999 306.4814306772922 1 1587882365.104000_00003036_220_l.png

529 -0.4320070474223849 0.0 0.9018702295659798 0.0 281.45179645137756 15.088 305.6899725750868 1 1587882365.154000_00003037_221_l.png

530 -0.42770497465337626 0.0 0.9039183893785736 0.0 278.5184528835787 15.089 308.21247420187706 1 1587882365.204000_00003038_222_l.png

531 -0.4291322003825572 0.0 0.9032416922368147 0.0 279.49419311737284 15.087 307.18702228938315 1 1587882365.254000_00003039_223_l.png

532 -0.4297153988978173 0.0 0.9029643824371423 0.0 279.89694235288715 15.081999999999999 306.6802662792936 1 1587882365.304000_00003040_224_l.png

534 -0.4278863940857067 0.0 0.9038325252812776 0.0 278.65617367368384 15.073999999999998 307.65362650528374 1 1587882365.354000_00003041_225_l.png

537 -0.4278863940857067 0.0 0.9038325252812776 0.0 278.65617367368384 15.073999999999998 307.65362650528374 1 1587882365.654000_00003047_231_l.png

540 -0.43158200313790096 0.0 0.9020737079460175 0.0 281.1738412449176 15.072 305.21100874509716 1 1587882365.704000_00003048_232_l.png

543 -0.43297484557368254 0.0 0.9014060034748193 0.0 282.1180861713953 15.075999999999999 303.6967387243408 1 1587882365.754000_00003049_233_l.png

541 -0.431967695498828 0.0 0.9018890785708805 0.0 281.4416182000394 15.054999999999998 303.99286080149847 1 1587882365.804000_00003050_234_l.png

542 -0.4250211161007139 0.0 0.9051834349282489 0.0 276.72099739679356 15.072999999999999 307.9368003764452 1 1587882365.854000_00003051_235_l.png

544 -0.428990314215697 0.0 0.9033090890216469 0.0 279.42930234353605 15.071 305.1410654507289 1 1587882365.904000_00003052_236_l.png

545 -0.4298020752760994 0.0 0.9029231285598781 0.0 279.98527830119133 15.062 304.456472383028 1 1587882365.954000_00003053_237_l.png

546 -0.4319283427528657 0.0 0.9019079258587114 0.0 281.4244682842337 15.069999999999999 302.955578881409 1 1587882366.004000_00003054_238_l.png

549 -0.43149540828994337 0.0 0.902115132688004 0.0 281.13467235834275 15.062 303.0434331399254 1 1587882366.054000_00003055_239_l.png

550 -0.42903761078092467 0.0 0.9032866259030938 0.0 279.4693278235122 15.057 304.38441685391666 1 1587882366.104000_00003056_240_l.png

548 -0.4326129631369205 0.0 0.9015797380852641 0.0 281.892823608153 15.062 301.9769956711905 1 1587882366.154000_00003057_241_l.png

547 -0.42573981063170674 0.0 0.9048456297309936 0.0 277.2471674713936 15.052999999999999 306.0441067433634 1 1587882366.204000_00003058_242_l.png

551 -0.4341072436037343 0.0 0.900861199658842 0.0 282.8961433614608 15.057 300.66006609982674 1 1587882366.254000_00003059_243_l.png

552 -0.4277128628131225 0.0 0.9039146569141375 0.0 278.59540261605855 15.036 304.44184031339796 1 1587882366.304000_00003060_244_l.png

553 -0.42992814293796977 0.0 0.9028631080678338 0.0 280.09527377271297 15.052 302.87857242613285 1 1587882366.354000_00003061_245_l.png

555 -0.4310545001622837 0.0 0.9023258933943122 0.0 280.8501180281275 15.043 301.97489302505977 1 1587882366.404000_00003062_246_l.png

554 -0.4281230022213599 0.0 0.9037204739126858 0.0 278.88533043747935 15.051 303.590891994891 1 1587882366.455000_00003063_247_l.png

558 -0.4311253673426763 0.0 0.902292035670072 0.0 280.9089703152078 15.055 301.53075212942866 1 1587882366.505000_00003064_248_l.png

556 -0.4294789886518767 0.0 0.9030768507201152 0.0 279.823563348615 15.028 302.35274768007133 1 1587882366.555000_00003065_249_l.png

557 -0.43151902546101584 0.0 0.9021038358554825 0.0 281.2014874142482 15.049 300.8793382816268 1 1587882366.605000_00003066_250_l.png

560 -0.42931348396431857 0.0 0.9031555416905876 0.0 279.72598071430167 15.046999999999999 302.04303994913397 1 1587882366.655000_00003067_251_l.png

559 -0.4307473783270927 0.0 0.9024725458784529 0.0 280.68640177203554 15.045 300.9431319861891 1 1587882366.705000_00003068_252_l.png

561 -0.4267502670905242 0.0 0.9043695094031897 0.0 278.00574024707294 15.034999999999998 303.200765171318 1 1587882366.755000_00003069_253_l.png

562 -0.4294789886518767 0.0 0.9030768507201152 0.0 279.83850940298544 15.034999999999998 301.3013431241123 1 1587882366.805000_00003070_254_l.png

563 -0.43150328071316196 0.0 0.902111367145863 0.0 281.1945208596828 15.028999999999998 299.8288526173541 1 1587882366.855000_00003071_255_l.png

564 -0.4342173013219256 0.0 0.9008081567307792 0.0 283.00624459707115 15.036 297.9134189128698 1 1587882366.905000_00003072_0_l.png

567 -0.43034568218764807 0.0 0.9026641644722847 0.0 280.4317376929206 15.034 300.1072839884006 1 1587882366.955000_00003073_1_l.png

565 -0.42982571360103483 0.0 0.9029118760584343 0.0 280.0843250397111 15.028999999999996 300.2086805003843 1 1587882367.005000_00003074_2_l.png

566 -0.4285409382063072 0.0 0.903522365125102 0.0 279.23461404594525 15.025 300.7845910348981 1 1587882367.055000_00003075_3_l.png

568 -0.4310151283575484 0.0 0.9023447008360641 0.0 280.88413022532023 15.023 299.0206654819491 1 1587882367.105000_00003076_4_l.png

570 -0.4286749737311838 0.0 0.9034587798547142 0.0 279.3316311796122 15.008 300.2517763513339 1 1587882367.155000_00003077_5_l.png

572 -0.42938441631050567 0.0 0.9031218207028808 0.0 279.8068720982592 15.011 299.57930805769513 1 1587882367.205000_00003078_6_l.png

571 -0.43063711729130355 0.0 0.902525164863028 0.0 280.64631005859525 14.999 298.57532365667487 1 1587882367.255000_00003079_7_l.png

569 -0.43482250287581614 0.0 0.9005161803059459 0.0 283.41689223403813 15.008999999999999 295.719324891187 1 1587882367.305000_00003080_8_l.png

573 -0.4306607451972873 0.0 0.9025138905003719 0.0 280.6702443343942 14.999999999999998 298.0835807313198 1 1587882367.355000_00003081_9_l.png

576 -0.4288011161950704 0.0 0.9033989167305115 0.0 279.43462189736243 14.984 299.00234434175866 1 1587882367.405000_00003082_10_l.png

574 -0.43136157206809905 0.0 0.9021791363930659 0.0 281.14135938815383 14.991 297.1731617292084 1 1587882367.455000_00003083_11_l.png

575 -0.4317000806122885 0.0 0.9020172062656807 0.0 281.3699160625148 14.996999999999996 296.7192149256533 1 1587882367.505000_00003084_12_l.png

578 -0.43136157206809905 0.0 0.9021791363930659 0.0 281.1534562055581 14.985999999999999 296.68597676497274 1 1587882367.555000_00003085_13_l.png

577 -0.431849634794024 0.0 0.9019456152830215 0.0 281.4792097924645 14.992999999999999 296.13410200514784 1 1587882367.605000_00003086_14_l.png

579 -0.43001480959363036 0.0 0.9028218337690741 0.0 280.27084829007197 14.985999999999999 297.02965224459393 1 1587882367.655000_00003087_15_l.png

580 -0.4326050953529984 0.0 0.9015835133112312 0.0 281.9820352239942 14.995 295.1706745485536 1 1587882367.705000_00003088_16_l.png

583 -0.42903761078092467 0.0 0.9032866259030938 0.0 279.6399864393191 14.982999999999999 297.1350791639198 1 1587882367.755000_00003089_17_l.png

582 -0.429534153676081 0.0 0.9030506136567169 0.0 279.9657986098323 14.975999999999999 296.5700401477676 1 1587882367.805000_00003090_18_l.png

581 -0.4315426423363298 0.0 0.9020925384046687 0.0 281.2940233483477 14.984999999999998 295.07039926173616 1 1587882367.855000_00003091_19_l.png

584 -0.43197556594933406 0.0 0.9018853089072649 0.0 281.58295215393235 14.969 294.5500702827636 1 1587882367.905000_00003092_20_l.png

585 -0.43393428267006817 0.0 0.9009445256638243 0.0 282.87251904605176 14.973999999999998 293.06252652567633 1 1587882367.955000_00003093_21_l.png

586 -0.4295026310013591 0.0 0.9030656066770069 0.0 279.96392171453283 14.981999999999998 295.56561365640243 1 1587882368.005000_00003094_22_l.png

589 -0.43147966334492627 0.0 0.9021226635661854 0.0 281.2728801318084 14.97 294.0781108980617 1 1587882368.055000_00003095_23_l.png

587 -0.431794537266009 0.0 0.9019719937931738 0.0 281.4809119261007 14.976999999999999 293.61830039071924 1 1587882368.105000_00003096_24_l.png

588 -0.4309285074987524 0.0 0.9023860711607297 0.0 280.91789980515904 14.961 293.89338619477036 1 1587882368.155000_00003097_25_l.png

590 -0.4317000806122885 0.0 0.9020172062656807 0.0 281.4270575070179 14.968999999999998 293.14849714971956 1 1587882368.205000_00003098_26_l.png

592 -0.4326129631369205 0.0 0.9015797380852641 0.0 282.02742268334316 14.956999999999999 292.31057860493087 1 1587882368.255000_00003099_27_l.png

593 -0.4316292350151742 0.0 0.9020511091286433 0.0 281.38521771263567 14.959999999999999 292.65696721395506 1 1587882368.305000_00003100_28_l.png

591 -0.4320227879615173 0.0 0.9018626894832482 0.0 281.6531930953355 14.953000000000003 292.14237822149255 1 1587882368.355000_00003101_29_l.png

594 -0.42766553336608415 0.0 0.9039370506681882 0.0 278.81471109685947 14.938 294.5668299574591 1 1587882368.405000_00003102_30_l.png

595 -0.43214083780987605 0.0 0.9018061301061212 0.0 281.7372147311552 14.952 291.5213280516685 1 1587882368.455000_00003103_31_l.png

597 -0.43121985277961605 0.0 0.9022468833798909 0.0 281.14136410827206 14.947999999999999 291.81549675972997 1 1587882368.505000_00003104_32_l.png

596 -0.4296444789157818 0.0 0.9029981294206464 0.0 280.1169195270558 14.945999999999998 292.51458160931514 1 1587882368.555000_00003105_33_l.png

598 -0.43354113016629436 0.0 0.9011337794435031 0.0 282.6496392461867 14.955 289.8037777238518 1 1587882368.605000_00003106_34_l.png

599 -0.4324556011996588 0.0 0.9016552295589715 0.0 281.95465629595066 14.947 290.2028139039164 1 1587882368.655000_00003107_35_l.png

600 -0.4340836589639145 0.0 0.9008725642511819 0.0 283.0106005452581 14.949 288.90489565977 1 1587882368.705000_00003108_36_l.png

601 -0.4345474355825042 0.0 0.9006489472756127 0.0 283.311348900113 14.94 288.33165097842385 1 1587882368.755000_00003109_37_l.png

602 -0.4300463237587602 0.0 0.9028068228705272 0.0 280.40582252259355 14.944999999999999 290.8513458782199 1 1587882368.805000_00003110_38_l.png

603 -0.431550514562374 0.0 0.9020887724503339 0.0 281.39215921127146 14.938999999999998 289.6286880558081 1 1587882368.855000_00003111_39_l.png

604 -0.42899819705824555 0.0 0.9033053453405303 0.0 279.74407451392585 14.938 290.9236124896148 1 1587882368.905000_00003112_40_l.png

605 -0.4288799509899962 0.0 0.9033614933341018 0.0 279.6750899634717 14.931 290.70613831761375 1 1587882368.955000_00003113_41_l.png

606 -0.43066862110035586 0.0 0.9025101322420254 0.0 280.83538487637486 14.933 289.30401856931826 1 1587882369.005000_00003114_42_l.png

607 -0.43354113016629436 0.0 0.9011337794435031 0.0 282.6871002594884 14.921 287.2141962154509 1 1587882369.055000_00003115_43_l.png

608 -0.4288957175570677 0.0 0.9033540078292718 0.0 279.7026826385671 14.926999999999998 289.81685445302367 1 1587882369.105000_00003116_44_l.png

609 -0.4328332477087308 0.0 0.9014740038835908 0.0 282.23571985933694 14.921 287.0688228420902 1 1587882369.155000_00003117_45_l.png

610 -0.42960507778055873 0.0 0.903016875337975 0.0 280.1717266872384 14.909 288.78475418394066 1 1587882369.205000_00003118_46_l.png

612 -0.43045596020761784 0.0 0.9026115810921871 0.0 280.7303474890055 14.912000000000003 287.9544935896889 1 1587882369.255000_00003119_47_l.png

611 -0.42969175919830616 0.0 0.902975632050536 0.0 280.23333569519946 14.915 288.1321901728919 1 1587882369.305000_00003120_48_l.png

613 -0.4332501441700013 0.0 0.9012737167901176 0.0 282.5165333773733 14.9 285.61048103063524 1 1587882369.355000_00003121_49_l.png

617 -0.42975479774250047 0.0 0.9029456317061967 0.0 280.29561609933785 14.915 287.4877498213563 1 1587882369.405000_00003122_50_l.png

615 -0.43210148868305837 0.0 0.9018249849487897 0.0 281.79791218113587 14.902 285.72521449195534 1 1587882369.456000_00003123_51_l.png

616 -0.43387138381924506 0.0 0.900974817796132 0.0 282.925917597427 14.909999999999997 284.313037378157 1 1587882369.506000_00003124_52_l.png

614 -0.43158200313790096 0.0 0.9020737079460175 0.0 281.4759595495486 14.894 285.4367013232222 1 1587882369.556000_00003125_53_l.png

620 -0.4322431416890144 0.0 0.9017570994801264 0.0 281.9008256842609 14.898999999999997 284.71578034755896 1 1587882369.606000_00003126_54_l.png

618 -0.43018025311424113 0.0 0.902743014279572 0.0 280.5952204467882 14.886999999999999 285.6985095078591 1 1587882369.656000_00003127_55_l.png

619 -0.4335568578517139 0.0 0.9011262125860886 0.0 282.73570458161817 14.889999999999999 283.2771656962219 1 1587882369.706000_00003128_56_l.png

621 -0.4315898751996171 0.0 0.9020699416481955 0.0 281.50053207056544 14.879 284.1926288128836 1 1587882369.756000_00003129_57_l.png

622 -0.43085763293343704 0.0 0.9024199134233439 0.0 281.04369566431654 14.888 284.33613359433366 1 1587882369.806000_00003130_58_l.png

623 -0.4336590845875442 0.0 0.9010770213220917 0.0 282.81579165672616 14.889 282.27166272216607 1 1587882369.856000_00003131_59_l.png

624 -0.4291400826369525 0.0 0.9032379473175103 0.0 279.96940752503673 14.879 284.76827452509605 1 1587882369.906000_00003132_60_l.png

626 -0.4346889038267194 0.0 0.9005806776130194 0.0 283.4784680175155 14.878999999999998 280.9885470893092 1 1587882369.956000_00003133_61_l.png

625 -0.43285684809463193 0.0 0.901462672026735 0.0 282.3341474605759 14.874999999999998 281.8174861767669 1 1587882370.006000_00003134_62_l.png

627 -0.4327309759419717 0.0 0.9015231014568116 0.0 282.25674975166413 14.889999999999997 281.57173671509236 1 1587882370.056000_00003135_63_l.png

628 -0.43354113016629436 0.0 0.9011337794435031 0.0 282.7681315597974 14.879 280.73915387098737 1 1587882370.106000_00003136_64_l.png

629 -0.4331242983966354 0.0 0.9013342011365275 0.0 282.51456471374553 14.876999999999999 280.67569259546354 1 1587882370.156000_00003137_65_l.png

630 -0.43227461868654893 0.0 0.9017420107987644 0.0 281.9865414067167 14.880999999999998 280.88131023082246 1 1587882370.206000_00003138_66_l.png

632 -0.4303141730020531 0.0 0.9026791858204991 0.0 280.7656219418451 14.865 281.7759651794909 1 1587882370.256000_00003139_67_l.png

631 -0.4307316271441523 0.0 0.9024800637009944 0.0 281.0363858953325 14.873 281.183944101534 1 1587882370.306000_00003140_68_l.png

634 -0.4307316271441523 0.0 0.9024800637009944 0.0 281.04664177167774 14.866999999999999 280.853705861634 1 1587882370.356000_00003141_69_l.png

635 -0.4344688374802971 0.0 0.9006868652636826 0.0 283.37781686702965 14.866999999999999 278.18239590662586 1 1587882370.406000_00003142_70_l.png

636 -0.4337298536737206 0.0 0.901042959038121 0.0 282.9202917605473 14.859999999999998 278.3078581276874 1 1587882370.456000_00003143_71_l.png

633 -0.43382420829338075 0.0 0.9009975340136184 0.0 282.98240915901243 14.862 277.91451752609373 1 1587882370.506000_00003144_72_l.png

637 -0.43070012438465166 0.0 0.9024950985213412 0.0 281.05231139202465 14.853000000000003 279.5257159750132 1 1587882370.556000_00003145_73_l.png

640 -0.4341701345219402 0.0 0.9008308910606919 0.0 283.2063938253534 14.852999999999998 277.0203796722048 1 1587882370.606000_00003146_74_l.png

638 -0.4326050953529984 0.0 0.9015835133112312 0.0 282.24037203411046 14.857999999999999 277.6538647600296 1 1587882370.656000_00003147_75_l.png

639 -0.43516824420423283 0.0 0.9003491540709111 0.0 283.83347754269624 14.844 275.70479832112903 1 1587882370.706000_00003148_76_l.png

642 -0.4338320709636224 0.0 0.9009937481489061 0.0 283.0129947213468 14.857999999999997 276.19574908135115 1 1587882370.756000_00003149_77_l.png

641 -0.4328096470261707 0.0 0.9014853351225862 0.0 282.38738790585256 14.856 276.4913929967306 1 1587882370.806000_00003150_78_l.png

643 -0.4314717908231287 0.0 0.9021264289022256 0.0 281.5695609331121 14.850999999999999 276.9759401812419 1 1587882370.856000_00003151_79_l.png

648 -0.4344216770307731 0.0 0.9007096127641643 0.0 283.39326504762715 14.850999999999997 274.7787402375772 1 1587882370.906000_00003152_80_l.png

647 -0.43268377170960554 0.0 0.9015457579619295 0.0 282.3289987929245 14.851999999999999 275.5119573675564 1 1587882370.956000_00003153_81_l.png

645 -0.43297484557368254 0.0 0.9014060034748193 0.0 282.5119837691491 14.842 274.9741771792908 1 1587882371.006000_00003154_82_l.png

644 -0.4325500199431248 0.0 0.9016099379705186 0.0 282.255631675207 14.848 274.87907534312706 1 1587882371.056000_00003155_83_l.png

646 -0.43433521311346934 0.0 0.9007513101015603 0.0 283.3557919179411 14.848999999999998 273.404092941207 1 1587882371.106000_00003156_84_l.png

649 -0.43159774722846594 0.0 0.902066175281677 0.0 281.69136456553696 14.837 274.7571671200763 1 1587882371.156000_00003157_85_l.png

650 -0.43116473684935513 0.0 0.9022732234182871 0.0 281.43305040802153 14.847 274.66869932159676 1 1587882371.206000_00003158_86_l.png

651 -0.4358045547504324 0.0 0.9000413268615933 0.0 284.265378991289 14.842 271.39334465970046 1 1587882371.256000_00003159_87_l.png

652 -0.4358124090761168 0.0 0.9000375237151346 0.0 284.27040129362604 14.834999999999999 271.0199048106458 1 1587882371.306000_00003160_88_l.png

653 -0.4308103817466741 0.0 0.902442471839222 0.0 281.2373836049431 14.84 273.7936493818756 1 1587882371.356000_00003161_89_l.png

657 -0.43322654873080196 0.0 0.9012850589435054 0.0 282.7175015608492 14.826999999999998 271.91370686748917 1 1587882371.406000_00003162_90_l.png

654 -0.4351761012162409 0.0 0.9003453564772976 0.0 283.8989336252393 14.836000000000004 270.31162650978104 1 1587882371.456000_00003163_91_l.png

655 -0.43193621336784704 0.0 0.9019041565385125 0.0 281.95616965245847 14.813 271.97135500939265 1 1587882371.506000_00003164_92_l.png

656 -0.4291243180954816 0.0 0.9032454370873333 0.0 280.25719795372936 14.826999999999998 273.3502021563107 1 1587882371.556000_00003165_93_l.png

658 -0.4293056024290419 0.0 0.903159288123107 0.0 280.3791288362219 14.825 272.85822770901916 1 1587882371.606000_00003166_94_l.png

660 -0.43505038504765364 0.0 0.9004061097470898 0.0 283.8585536440802 14.824 268.8887996604384 1 1587882371.656000_00003167_95_l.png

659 -0.43247133798626464 0.0 0.9016476816475324 0.0 282.2986195324541 14.813999999999998 270.1299733434222 1 1587882371.706000_00003168_96_l.png

661 -0.4324005214091674 0.0 0.9016816450860471 0.0 282.27469449689215 14.81 269.79041722024124 1 1587882371.756000_00003169_97_l.png

662 -0.43035355940211656 0.0 0.9026604089633758 0.0 281.0600835616513 14.805 270.67885247237297 1 1587882371.806000_00003170_98_l.png

663 -0.4366055249109634 0.0 0.8996530529138566 0.0 284.80278006521235 14.799999999999999 266.37326922360245 1 1587882371.856000_00003171_99_l.png

664 -0.4324241272312508 0.0 0.901670324557868 0.0 282.3127993170809 14.804 268.6162507280609 1 1587882371.906000_00003172_100_l.png

665 -0.4309915048808183 0.0 0.9023559844765079 0.0 281.46778464941434 14.798999999999998 269.117992389335 1 1587882371.956000_00003173_101_l.png

666 -0.43225101098777535 0.0 0.9017533274127942 0.0 282.227060917965 14.816 267.9374617829454 1 1587882372.006000_00003174_102_l.png

667 -0.4325185475556339 0.0 0.9016250362652785 0.0 282.3924534464135 14.805 267.37936753045364 1 1587882372.056000_00003175_103_l.png

670 -0.43405221231468794 0.0 0.9008877160804919 0.0 283.30948199425626 14.802999999999997 266.030319306068 1 1587882372.106000_00003176_104_l.png

669 -0.4320621387335807 0.0 0.9018438380745106 0.0 282.1480153375703 14.790999999999999 266.8793283960152 1 1587882372.156000_00003177_105_l.png

668 -0.43210148868305837 0.0 0.9018249849487897 0.0 282.17918752725177 14.802 266.4560464671075 1 1587882372.206000_00003178_106_l.png

673 -0.43276244477113707 0.0 0.9015079957469643 0.0 282.5745191214437 14.795 265.6382662050972 1 1587882372.256000_00003179_107_l.png

672 -0.4322431416890144 0.0 0.9017570994801264 0.0 282.28027419880084 14.789999999999997 265.5657078602393 1 1587882372.306000_00003180_108_l.png

671 -0.4332816042936833 0.0 0.9012585929580322 0.0 282.89835170602043 14.796 264.5094347460652 1 1587882372.357000_00003181_109_l.png

674 -0.4337298536737206 0.0 0.901042959038121 0.0 283.1674443061785 14.788999999999998 263.8237622736073 1 1587882372.407000_00003182_110_l.png

675 -0.4328096470261707 0.0 0.9014853351225862 0.0 282.63566634391316 14.793999999999999 263.9933444940059 1 1587882372.457000_00003183_111_l.png

677 -0.4302038867236658 0.0 0.9027317518775173 0.0 281.1087983232372 14.793999999999997 265.2098452289846 1 1587882372.507000_00003184_112_l.png

676 -0.43302990852511436 0.0 0.9013795528647913 0.0 282.7797789400136 14.798 263.0349082756535 1 1587882372.557000_00003185_113_l.png

681 -0.431644978711308 0.0 0.9020435756399546 0.0 281.9717731193555 14.783 263.49057753727044 1 1587882372.607000_00003186_114_l.png

680 -0.4331793569616333 0.0 0.9013077413970801 0.0 282.85514831708423 14.827 262.1168413258034 1 1587882372.657000_00003187_115_l.png

678 -0.4319834363669436 0.0 0.9018815391749666 0.0 282.16468605515587 14.816 262.44947978667 1 1587882372.707000_00003188_116_l.png

679 -0.4352860959043217 0.0 0.9002921829674929 0.0 284.0965470014594 14.812999999999999 259.96305014332506 1 1587882372.757000_00003189_117_l.png

685 -0.43121985277961605 0.0 0.9022468833798909 0.0 281.73046634552276 14.816 262.0966566262535 1 1587882372.807000_00003190_118_l.png

682 -0.4324241272312508 0.0 0.901670324557868 0.0 282.44328915586294 14.824 260.9251943447532 1 1587882372.857000_00003191_119_l.png

683 -0.4326050953529984 0.0 0.9015835133112312 0.0 282.5593690782659 14.83 260.39455363726864 1 1587882372.907000_00003192_120_l.png

684 -0.4335804491322121 0.0 0.9011148617852828 0.0 283.12931356711977 14.823000000000002 259.3625803939109 1 1587882372.957000_00003193_121_l.png

686 -0.4328332477087308 0.0 0.9014740038835908 0.0 282.7067214398236 14.836 259.4125806919555 1 1587882373.007000_00003194_122_l.png

689 -0.43263656629101194 0.0 0.9015684119954086 0.0 282.5957803877257 14.829 259.11766363995156 1 1587882373.057000_00003195_123_l.png

688 -0.43334452295718723 0.0 0.9012283419994112 0.0 283.015918250754 14.823 258.2560208264357 1 1587882373.107000_00003196_124_l.png

687 -0.43425660607922856 0.0 0.9007892095693364 0.0 283.54784628064186 14.817 257.26924425901893 1 1587882373.157000_00003197_125_l.png

690 -0.43197556594933406 0.0 0.9018853089072649 0.0 282.2450707314353 14.816 258.285818024002 1 1587882373.207000_00003198_126_l.png

691 -0.43063711729130355 0.0 0.902525164863028 0.0 281.4802245938045 14.814000000000002 258.70620933917536 1 1587882373.257000_00003199_127_l.png

693 -0.4331164327554082 0.0 0.9013379808247459 0.0 282.9105193642957 14.809000000000001 256.73823535446195 1 1587882373.307000_00003200_128_l.png

692 -0.4334703539476827 0.0 0.9011678269048838 0.0 283.1239746638904 14.814000000000002 256.1050058631738 1 1587882373.357000_00003201_129_l.png

694 -0.43343103267083033 0.0 0.9011867397592451 0.0 283.10968756170087 14.798 255.71506319090983 1 1587882373.407000_00003202_130_l.png

695 -0.43295124667132046 0.0 0.9014173384208612 0.0 282.8408375628591 14.808000000000002 255.60233002095242 1 1587882373.457000_00003203_131_l.png

696 -0.4339735933778575 0.0 0.90092559085127 0.0 283.43520681190626 14.807 254.5457117362773 1 1587882373.507000_00003204_132_l.png

697 -0.4315898751996171 0.0 0.9020699416481955 0.0 282.0758520871267 14.799000000000001 255.62030135960563 1 1587882373.557000_00003205_133_l.png

698 -0.4354589315722686 0.0 0.9002085974450246 0.0 284.285583447766 14.808000000000002 252.7776337549431 1 1587882373.607000_00003206_134_l.png

699 -0.431912601424224 0.0 0.9019154642930564 0.0 282.2787567795401 14.805000000000001 254.59185524415662 1 1587882373.657000_00003207_135_l.png

700 -0.4346181710450835 0.0 0.9006148152220385 0.0 283.81652377132195 14.803 252.48640122537753 1 1587882373.707000_00003208_136_l.png

702 -0.43252641570191547 0.0 0.9016212617945818 0.0 282.64125341512084 14.805000000000001 253.3883602944971 1 1587882373.757000_00003209_137_l.png

701 -0.43373771674037387 0.0 0.9010391739968064 0.0 283.3299522252594 14.801 252.22290115836506 1 1587882373.807000_00003210_138_l.png

703 -0.433784894446621 0.0 0.9010164623079503 0.0 283.3576684102284 14.807 251.78557519550125 1 1587882373.857000_00003211_139_l.png

706 -0.4312828404438316 0.0 0.9022167763562705 0.0 281.9622163435513 14.79 252.95369495415116 1 1587882373.907000_00003212_140_l.png

704 -0.43125134687445704 0.0 0.9022318304177517 0.0 281.95086435877096 14.802999999999999 252.56345491335108 1 1587882373.957000_00003213_141_l.png

705 -0.4314481730605879 0.0 0.9021377244981393 0.0 282.0713240354028 14.800999999999998 252.04383570909778 1 1587882374.007000_00003214_142_l.png

707 -0.43199130675165565 0.0 0.9018777693739861 0.0 282.38182776171584 14.802000000000001 251.30535454124896 1 1587882374.057000_00003215_143_l.png

